522228196905139575
330200197406231810
420503197507141918
130121200512154875
211402199007132360
150428197208163224
361125200303190377
450481196511203338
542627199911076200
130230197907251925
341102200205121695
370203195501021800
370882200009023662
15290020060910285X
411726195902014762
610524196507238886
15052119581007818X
341225198204242647
210921198109234975
220621198808202660
140321196608216827
330900199102228089
520300197510233315
411729200202264683
410221195409141370
620100196011280430
411402196303029716
610827199607272634
542332197910132499
652101196612104831
130725197105171655
130125197610208081
130200196402206050
350125196303023673
610304197202138372
530381197608106197
530630196108027267
341021200904275494
610330198907076826
610323197712152675
370781195707156096
451381196304158795
360827198312058204
23030719690425219X
431223199705066868
620302196509251331
11000019671210248X
230804199010318841
510703198108156140
370406195907071103
370681196512284230
23070819850511618X
140181196712225323
130682199407284525
350824196708105142
430482199306269385
520201196505198689
41132119651125118X
360104197807297090
451100197404306279
37142419661129340X
350781199912022112
542223197903285057
510181196810107944
659002196401115095
410000196508160050
210521199005050947
620500197802151594
371621198303161553
36072720050910642X
451481195604297771
61032219770713031X
640522195204177535
610402198403289035
230714200701158480
130984195801094739
361021198208185544
532931197307208932
360781196008095266
440883198109231519
130525200104280984
640221200912072540
150921199410133282
331000200801092157
820000196507025267
640422198804297221
45010720071109741X
341322200003173610
34062119771027698X
370211195110054744
440903196105221510
440500199703148942
13073119570428959X
430525199109167089
331081195301117826
320381195610242202
350100196510053624
321102195903113273
522636195412188210
330921197012316969
610921196205013078
350424199106254361
231121199808069839
130981195808121542
152223200609298262
130724196705215876
130682195011135322
370902198407057714
341602200702202071
361025198904073509
532301195905141520
34112519820906117X
640521195406102404
130984197402048355
230805196508121387
44018419770311399X
110103199609291292
65402719870712253X
231223195904070725
210504195310199153
511100198809130460
621227196106234548
320826196702245328
440512199205136688
451281198003133360
231002195812276440
640502198401303834
469022196505059681
610525198409026623
371625195108311757
361125200707079229
140721196808105621
451425195111187119
522601198402263532
620000198508154345
330281197201175163
433127198101136586
330825199106247297
652829195708127421
420500197404036171
150105197703112650
150621199201111857
430682196805249933
500236197304285568
510184198410273466
231102198904124726
621228199310141795
610729200804255094
150621198109243510
542500199110295264
650107198709169143
350503196806300146
371081198905119575
53092620021020024X
420302200912095641
410223196101212563
630104196702149148
430603196306111221
35062920000205120X
360829197308139325
120105199810018380
330822196612292987
511402195606241182
320923195806118974
654300196305193025
451026198007244820
140421198906165348
130683196510186846
320982197507033398
511132198312154599
140826197903057711
450225195805038108
532328196402204571
41140319830721616X
210113200907088040
429021196503264952
411625197712223157
350782200605196819
500105199103180718
610831198611210604
360826196205075265
150524198706060687
360200196907269375
230781195501167784
650205200302014214
500229200103187540
511921196803023943
23000019790830419X
511722196108142014
610702195003024444
530630198001282195
340721200011220565
320206195603196337
532300200609038972
41130219830426966X
430503198303039512
620423196809303276
350200197705288992
320924199806250195
150626200301065066
370811195010156535
542325197909293451
371421198611094195
511521195612253184
652828200607245952
430405200509212808
532626199504073426
340223197412313632
130625199901251414
530625199204035462
220621197205238774
140881200404071817
411328199101073577
13082819720318899X
500110199407222615
610500196712057426
522630195905039418
610428200712050494
623000199106038082
621226197212193629
53332119760524868X
450123200907291214
410802196406205621
410000198403016086
361121199004297333
640106195311074185
370602195208271320
350427196908056522
542337197010105120
542325199803122469
330602200510102479
52042519610922949X
140728197207057731
230405197503177501
44040219560112325X
370826200306143993
430726197402067974
632500199511263783
220122197005157346
371726196504033978
350622197303286708
321203196601126366
419001195204044966
370400196801292967
500226197309101956
211403199209182389
341721198804098767
530627195704038293
410224200512113485
440881198705266328
511725200801046926
522428198903149892
430821199809230991
152527199611301367
510802199503291725
371083195910037071
632128197701246445
52262519750428594X
410311196710099092
532627200704244076
450332197711074691
522601195706185568
630000200111147616
220284200807041934
430211198911122057
511124196911304385
210105199911305495
410900195003239737
510900199807209594
23020619530627056X
320982195607280856
350200197208212954
360400197010316056
370322198807081724
411725199010103075
542329200102110650
542426200006075791
441200195211014493
450125200611183233
542132197302205614
621126198806198688
350926200205232737
211321198405177408
371202195008273929
411623198909221851
360727195109274586
350783197408299546
330322195912171042
430102195907048290
140822198204127425
530629200808019907
653224198311291696
350824198803063605
330212196208183249
530124197111100795
141122197611079713
152531198504069793
131022196704064316
450804195511214082
632722199610032453
450800200505094836
370502200302170460
44070519840905349X
510682195804101190
530324197607237585
45060219860725453X
150207199611300707
51100019620116561X
410302199306230228
532600198005022431
620723199903216160
510521195208225287
210522198112224457
141032197704307719
370832200310174124
430522200908066053
450404198503183775
231283198311198061
441900199903126871
150206198801112124
411402197609250792
45120019980601306X
441700198110084848
65212220031225744X
533122199310178084
65010419610403837X
530129197401087586
360782199210041587
130406196804180905
411728199812231158
340123196912025573
433100198205055764
654202199407102447
410882199509115544
370724196411284379
330503196808074492
130629197407105610
441481195206305156
350105198405210668
360103200206127086
450100200007220440
110115197709241272
540126196005154263
520425200308101009
511024197305293013
522624196108311893
52230019511015141X
15042119690110598X
210602200810109851
141125200311186561
410423200708252588
371523195002093781
33011019770812150X
420113200709226480
130621198012041943
140525199505143477
511521198809200549
451026196109177500
511521199305126861
15072619950830612X
520325197206031927
360721196205145975
350426199702203213
511600195308166055
420104196806228212
610328195407273967
130203199404285867
542428200706267834
52273119770417813X
441422198001020599
445222196907274951
652801198509269694
210321198709174627
152525200505181050
410302196410144983
610328198608133980
340803200102227589
370322198911163308
450205199112177917
653222197505185237
652201200901307234
320682199910245115
321023196109291575
330204195510034178
370725197906136387
542521200110210985
131022195202071298
510302198607234168
31012020060208373X
341024200601079049
350923198202266393
469024198203262678
430103195210145425
610600198206103105
130434199107092810
430321195611246220
653225199402119649
320829195009293879
460105195908229733
610729199509031981
451021196509016907
321011195703246152
621022200811101229
43122119600117272X
130429199403209269
350629198503226290
341824198112263375
532624200811025048
511702199302113047
510623195504074717
211324197510183679
430423196107242135
542429199801223099
421202197305094082
422826200501092112
340800197801133887
410106195405271144
621124197206182423
510184198410282813
640121196810156722
371300198702127346
469024199809024089
620422198909240818
37048119690530473X
53050220020919189X
51032219790614872X
331102198012131043
440783197705181917
150123198511053235
371525198005119779
510724198505105736
220700196705162437
211021200512290012
350626198202099639
610323200810181693
430624197307112054
610582200510116997
210503200011207966
513327200507291309
542123197704179328
110108199302089104
350822198006073461
411282200909119708
420804195305219290
350583195003113184
350925195410066838
511132196104065779
150400200904086240
370406195301224988
450323198412244695
530400200408296442
532901197209304244
430600195005087092
210502195301109643
330502199205312153
371203197406085857
130700197704014195
131121199510151895
511181197707056283
632725195210120180
370502197605214198
341322199003271426
360824195011132842
130323200312231016
120225198005216866
62010419750323799X
441821197911304671
210700196501264421
53082419630228704X
450103195807138045
451023195906219239
510300200111083412
440983197103095983
440222195510143751
340000195505250074
210782196709163552
410203197105292723
51132119600511985X
222424198908299797
330105198710190081
513230196510316945
520102196806247641
522632197310194808
420981196009151343
131026195805126361
430423196711214384
652723198803202872
320382200201308071
450326198101034446
320925197704088155
110109197610291950
513330196807310785
360731199010288665
37108219621103518X
371329197103142817
510182197706139883
230705197606295806
14092320040325658X
650203199307158446
150400197804014325
340311196708077988
542336199210156443
230124197412190500
371724197312105000
371103195605102598
410611200202101462
360782196608236508
522628197712298496
34112519900919997X
632522198010265354
411326200307021994
530802198111155029
530602195103304659
440400199501057545
542428197707248470
350111198709112212
360402196207050317
320100196403166863
140828198412031362
510321200210172797
522426195908303493
450503200805185564
433100200911062312
150124200603209854
130432198701098492
130127196610037911
632523200308116358
330212199106038087
51340119830802412X
141100198107200816
340222198109077778
361126195706173312
360323195202203179
652301196601110583
431223196301288057
610722200403215062
410523200008097199
421121198610241470
440232195812245414
540121196705029357
230111195410282160
131122197204096426
210411199404078164
610200196905269269
450125197201155681
542324198007179973
410482197106113631
431302195108031259
532530197001192466
530927199203196351
430103199701129989
542128200209034224
371624197502152822
510923200902103288
520201198603140850
130000199201056116
410804199705288443
431028198508293347
450332199511051793
360828198501160562
220623195307190592
469024196007030336
019660228282 
140926199202291905
330702198401178605
341824196702077362
330328199012213768
14092719750616251X
411104198004010586
220882200501147488
321111199601107526
450600199110260557
360500197410304025
430405199001264652
120110195506301934
211004199612049873
410902195706221317
52032419920325532X
350430195904032316
410104195705256162
13062819880805383X
37050320020926600X
220523195001145531
450700197011185252
210502195704148954
433124198909262615
231100197211131045
350430199111189653
360602198209065926
371326198501140951
341221200003096182
431230195308089682
350881200803050561
331181198508025725
350206195207220652
440114196909033879
370202196707063238
220721196308277654
220502199501220143
360281200202261338
431202195003281758
350111199207104305
320204197411059924
210282195002245624
640202200712128731
340203197204290266
620821200107027180
130430197603275558
130431197104032822
371522197912246698
131125200907155078
321111197911293521
652900197505044556
623021199006088658
320481200408032315
350200198707215898
410700199801050397
623027196501150601
330702199102259741
621227198911243083
360723200102173262
431129196010187347
350527200001178972
220500200501109309
450921199303093466
620824200005067711
654325200203139139
500115196004053114
513428196705301865
150925196304303307
542100195211084669
41020419520808027X
430900197301116068
530800199511032716
360722197405290676
650105198401199706
410202197408281419
610122195804244693
231226195811212957
610831200409191948
220202196609150327
532502199807270340
622925198003266200
421081195604036873
640205199205297948
350423198901145059
220521200612247650
150902195710214159
440607195711047051
220600200106156063
140303197303232983
542428199312145302
522426197411152393
220502196806190105
421000199011298114
370828195108081284
211404200701302890
611025195901228841
429021198210203418
310105196309163009
620822200804020490
542300200902146675
140524198508026486
321182200701314961
370305196606205967
610730199002186728
140106197306045866
371312198112184485
140321195112235157
630000196907225801
140932199402060797
320324200810019386
610827195205194022
53262719650506863X
522224199408291451
411224196309097362
420881195005297150
421087200503024648
520325196710299872
431102198207219460
13102319691230216X
610424197205038167
370500195001314305
652123196607127690
370725200408222148
410311196306264228
411524200602098757
430382199805154536
350124199110049137
530124195305217642
140923196505154892
621224196705058209
140500200903084239
350924199711042583
340803195508295748
350822196608142613
450681198104064094
220112195106173415
513227199101049191
542326199708225730
341203195805289422
421127195505295412
320902200007054718
433126196801103202
13052819561025803X
513322196902275471
640502200811208231
150526197604116799
532822197103134298
140981196907218784
469002196509168847
533323199108048603
231121195710286722
141021200201277496
51011419720208558X
320100195507032849
330302199106307921
230900199003150948
533102200407124322
211422200107206516
45022319900214421X
150122199006115376
320200200601082649
130626195605069077
511423196808047552
430981200809252856
360302196503035298
632522195402179160
620822195703249006
330122199404145267
371100195505234076
430281197204163196
620702199512291137
220723200310209505
410328195211133519
542335196306276538
330421198811256701
371000200401144226
53040219521125829X
150722195511193257
361002198303251993
410322195207256497
42070319890919900X
530623196112134061
654021198707316379
652923195111109607
652801197204150399
330723200101075809
621021198001173988
360826197606229119
43020219800807024X
371500200805177304
62062220050510946X
211122196601275159
500102198011207406
511529200708208438
63220019890308728X
430724197606123314
360802198111075027
610622200204208905
542132197601063310
61032619910802494X
620105198809198170
130203200911223092
420684198906228082
451425195508060810
420104197707155710
513431199509035549
15042519660603335X
411422200511278201
542221200005162946
130531199809259175
131000198904307547
210404196303092760
513232199407144854
371425199508315017
340302199203020887
210905200410221110
130202195611279801
611026199008287747
620300198602118160
152526196102069117
411503199308159988
43312419640403612X
130133199001115559
53080019621104368X
330212198005028002
350206196804160998
530181195902277851
140181198807073245
120103200307138580
512022200202236692
140802198103084395
360425199105132635
370700200704100535
632524199209163133
451028197511174946
511028200407193937
44200019670107694X
420302200706217249
410328195611071636
141034197003103556
340323195309180786
654021197111091952
530522199703089524
450124195401249222
110103195403209005
51100019780712063X
360102198304176037
370700195509068230
441203195310200709
522326195701212230
341200195701129118
33072319810218920X
430811195703153798
130522198611170342
360723197606255056
421125200105015443
632522195102020334
370305199707035139
350902195907239226
522428198308307470
632324195704232643
321102198010172560
53253220010922755X
220802198304045851
152500198705131122
421102195412249938
533103195204251770
522401198601133019
430623197908279830
131022198101289777
211422200309179296
220623197107204725
350724196002037867
231085199703147075
450324195601046869
450200195104197459
659001200608242668
230184197804246100
441700197705288036
371524199609047866
230882199606156651
371721196901083926
421222198108306023
530129196409124412
450327199602049786
440981197709047086
410704197208107467
23060619561222933X
130726199405118798
522223197610177278
652101197701057242
141029196007120788
511102195812208715
130322195305128918
350981196509231659
53062719831223175X
150727200007282934
130300197302288984
230205198010124966
310115200710161802
36112519940403639X
410221198101115188
530428198309064482
411321200309262415
542429199303190423
440305199606103620
542524195509170511
411102196311264744
341825199810298672
513401199912210978
520330199601300496
360721197412231117
450323198608021223
13092619720802978X
653128198405240881
610630200506097905
210124196709057585
230522198501227153
421221200007076787
632200199708147931
341321197106240264
45132119590517874X
51082219850612646X
310117195312224985
210122198807287356
46902320011124015X
130424195204197373
230921195003181940
500115197208216549
632200196401137153
430811200001210771
441827199802176348
141023199010132929
410224198510204738
610627200506034551
152222196204263998
511702199306040076
141130195806192469
140226195207127518
61011619700619227X
330602195710267020
130630198510280046
370200197103263783
63272619750627941X
513225199812193795
431230195005112822
43122919681022317X
530900199409084857
530426196004264510
320900197809251660
522627197108181543
130423198905109134
41060019640720052X
522323197807185090
45030219840706556X
511921195909288371
520200195405224973
422823197302174867
652123197506137798
331126196404199823
622921199602197218
430521196506077651
530502196102211257
210204195711110053
130703196902287383
341200195512266631
110104199106217361
653122200802176424
52270119830520152X
130527199812266806
231123200301097601
522729197703215961
652828196903012871
370811196906246810
42070019501023701X
431122196802073060
220221199902037895
610331198206098316
530125197503087178
411528197810128835
140924197508194188
511424198408301027
511524198602287375
210104196909200379
654322196211093240
340323197601027948
622922199205205153
620721195208127755
130430199207023104
610521200112110458
620622196201111633
540121198901220334
371100199711204474
500222196010017493
320324197302152805
542225195509221374
350600200003049336
420703199702186361
520422198806075078
150523197501021755
320623199706252772
450331199905235281
230208195607132382
410211197510079635
640500195803117034
140800198502169406
211003196506092421
141030199604162272
421000200211162049
61082820081121250X
320722199706301633
430621199908230697
440825197212057653
51142119600308648X
653201200105282049
411023199308025275
433122199401301435
640502200712309344
152528199509118183
511132195909042932
211322195505100136
510800200507020300
220284199411288898
530827196108072378
210922195010034175
411503195907267456
411702198608267091
331122198409123899
360281198009102263
36020219900930944X
340602195910050442
210803199703145015
360403198611297819
130281199411307576
370283195508246879
130731196209280824
542524195601209060
320902200311048910
450900197910042336
370281197206080785
421202199110083083
513300197605133836
41152819710510204X
530128200911119929
410522199510247074
652701196102274155
360921198210202997
530723198505162869
460000196506271370
341525195902198623
341622197001202782
653129198008203741
341122199108045627
230421199305213478
530630200810209043
522726200602153509
350921200303133087
51332319651224457X
140600196802044613
469032199912118972
511529200106228538
210423200707066719
14118120070829561X
451022195202054660
130427195902051848
34030319630930248X
330304198502203620
37142619960408901X
520324197010252692
220622199804050349
620622196110158524
620823196311161858
110229199012292005
150422200405246666
620121195807185348
450303197711228521
500228195306271865
320105197805131555
410205195806207417
410221197311289296
130302200003149113
140702195806211718
230903198310077618
420321197810189502
330482199809137014
230712195908106788
52242419520203169X
620502195308017342
371326200002295975
430105196303147101
130223197608130599
652200196705120880
210604196405096739
610700197601302148
140825195106203434
360826200208125546
632324197310298972
430423200301088548
512022197902149376
430724200901076383
331121198503293919
53262419720530603X
411081197703094208
370702195203016895
210500195910142235
445224200710137509
220723198707097206
130225195207157436
411600195903237280
469007196108316644
350600196207224766
430181196909151945
230405195302289364
420923195310173017
320923200006029731
211382200708091049
610581199208268955
650104196610249559
411002199508209747
420112200205193367
220284199311045194
410422198507311987
370634200202283536
350503200705184413
433124197908211600
440700195411223077
130107200312191260
654326200104054304
610111195010202417
360803197006247095
533123200102144121
45032420010326105X
620000198003291467
141000199107091559
430221200008138426
421024197203136488
360726200707060550
420300195511303714
610721196708191705
370685195904045344
350124195405205629
430525198008249363
370600200205161848
654221199010316219
340000195306157029
35030019581227973X
451400195903134982
511000199409285227
510300195003125028
430105196003260700
430225198906075119
140525197010279154
150622198201302743
361000200503304815
130426195904306182
542424198801215009
510107200205106412
43122419960708302X
46902519560114723X
41120220041101734X
530122199302197215
320722199004167927
130930195910052758
130724195411172845
510113195701039830
530426199807244103
331023197310042972
520000196304053988
340711196108180350
513334195310244752
510311197612083634
440512197711100099
341423195805029862
421083198401235633
513422196710230338
110114197612204620
610200195008211070
130622197209108736
350521197206050814
510100195308141917
130727197301072024
140500200403108433
441323195601206861
120103198806265314
341723196804154873
370523196906302308
542122197309039038
330104199207021385
451321197009287859
450223197611256971
610330200702029081
542221195106221251
520300199601095420
130107200212207309
140927199612259138
431123199211101541
150124199303064838
654225200103023416
360821200603271867
533103199007011530
411681197008267499
321023198304265865
320111196809123168
430105198309052575
650121196811089762
441825199209253936
340702198602146855
140426195711238568
130705199010121077
220421195405225863
61083020011113168X
542330198312073486
640324197811236745
420821199806302396
15010319960220187X
610203195311032728
513425196605259138
341521196610017308
630121198005316276
632823195301130686
653022195004303434
341225197409309142
130722197608065433
230604196302065765
530421199006233832
360824200007138639
542527199804282740
370725196101107648
652924199605191545
410526197803305203
522322198609053175
431228195208138692
620525198412288626
230902195601034327
511921197203313124
445121195701233074
131002199203040533
510683199803294319
141022195106175486
360427199801312472
530802196607316093
230183200610067823
650105197507146878
340502196703206853
520102200703315233
230722200406018290
371621196311308050
532925196302282357
340300197401033994
652723198910216209
610328198803204297
320829196211126075
511300199605011350
150000200007093297
640521198212069603
410304199410019177
610700195912094164
330225197409245502
360000195401127788
520112198503195583
360681196708294893
340208196907297015
421081198907023520
500223195305193437
441203196705272023
210203196503308143
350784200205108747
350824196001090178
230904198508053992
451029195406269908
410503195701202840
410221197906290480
430424198708176183
130281196412296510
522222197606210892
430382196202037927
522224200904094524
360803199711185140
230406200410269993
430721197303247580
150122200908060875
130132195111238950
610425200406272700
411729199709196880
410322197508112955
513401199011235457
220523198905215890
150404198203266287
620821197801165773
430721198808027318
620503196904224779
440785195511139511
430725196712202640
371725195706226689
222426197912135013
431024197707125768
230828200403110925
370827200510307314
510108199402259857
130724198403012124
533325196809222183
330122200510160992
220105198408055633
520203199402145679
632802198308136310
610528196905265850
41150319610329631X
410804198902028670
653100200509306965
513224198102164825
653226196610067110
140881195811309059
500117198606298778
500234195609061491
360681196709107762
41140019590102124X
440200199505247521
140800198809229282
542624197105038391
410305200606048844
659004200302110872
513335198306237357
141002199801124683
420526199103061560
320203198809010897
53011119860711320X
140721195007254585
430102198904283758
341022200707109362
320400195910227503
211102198506275656
340400200601200697
440802199103213535
410200196309171532
422802200102140665
230602197507291717
13100019771102284X
220300196607171143
330105198401099137
350802196902236543
130731195907206950
653131200605184309
360428196506044383
610826196805241919
370105196911121320
522322199212070772
371311200203208415
320000197303121181
522300195209079761
430181198510063803
140726197103242307
341800198806098502
230705197407232212
350213200202243414
410821195101195527
532627196508152546
222401195202172147
110000195403130175
429006195305136003
450100200311232112
220105197311020456
150721200805106283
230712195408151937
15070019860301758X
371311198904051473
320803199203048185
350400197912197437
130922200010057098
320405196011082474
469022195011290942
654028200610216675
45030419660619654X
632123196301130201
622922195803240284
34050320021117546X
140227195402165698
420102195605216373
522631198612192187
23022419660727473X
230711197604260287
370126199910169651
150207195201023681
542524199711297688
130732200310292243
130404199603033280
430725195910300861
520221199306131472
120111199306135251
350500196711075776
420104200303121674
530103196807114267
150823197310113266
361124195805147299
431021198001201867
620724197708120822
370911200804303284
152531195404195617
152923198806231831
140929196801053154
420581195306281746
150922195908023695
420702196903141338
654022196511037869
33010019750311571X
610825197005205520
210802196503236326
510113196012268413
440113197002026599
230127198110198068
230200200501119537
141182197108028931
620623198207033790
532628199502224836
520102195208242045
350922198708115780
320724200810120291
150700199408131066
130533196004218252
440100196003184488
513230198505020209
44080020000509108X
220422197509130696
34130019641001250X
653222200602170883
430521200209196231
430611198010094273
230502197706062989
410726195111158478
140881199512015366
350625200008281641
140222195503310338
360726197905166327
32092519990529072X
530628198208312855
510781197904286194
140581195406030090
370102200502189068
130132197610282568
150702197405083816
430104197709192306
433125198904051428
210726198906177548
320281196101078861
540123200209221261
45122320070914552X
440305196011115725
130523197401247841
230129200211176602
410900198006141173
511424197406215411
341122199010148388
632525198903163880
330502198608132785
632622196102090033
430821197902041432
130927198802125994
360400195805122731
330424200304119154
630100196705032433
420222196004307857
350581200507186089
620321199504011585
341002197508306750
610824199306273810
421181195907010035
360423195707019794
610624196203155016
640400199407294285
520324198509231115
431024195702087812
530423197707015479
150924195304209301
210804196912149429
510903197504136789
361126196308133969
532323198305141668
360727197105181867
130823200507103062
440882196712056385
230605196704231777
341524198302025611
35070019530511406X
510000196904115503
62090019500722948X
110116200608229048
130729196109215708
230303197003111268
150581200711085501
360827198701199692
330329199410263898
340402200911133699
431000196507306550
513229199205117710
019530829945 
230600199910068116
350200198612143764
441882198606219208
130324199106262058
532324198008295392
511000197405153412
430822196504305342
210882198312274267
130303198009083625
522624196304042715
211481197801252606
440608198111261169
360725199601093782
420200199603051019
411121198003073899
51333819630711421X
469002196408179002
431027199908078484
141032198507022946
310113195010080888
411400195205235789
41172419660301019X
530623200409091997
350702198305132838
130303198505276135
421221200609103308
63232319930709826X
469029197504026414
320304195203291557
350900200311049027
62052119501112594X
230403195909088427
32031119530531301X
421102198411268989
62100019601110845X
231124196401319483
230406196106106541
441203199305257637
130828198304110600
120106197810134629
350123200408140530
522201200312308563
331003200402071083
450123196403237928
420222198902178953
211002196212232509
411321197810223861
441827196708223888
520221197807244695
450423197505209427
230833199612021027
410622196209183093
431321199609108370
231004195601054891
371327200110020748
652927197602144129
513332197811221029
654023199701303777
360123197008021222
530923195010126361
140802195911243354
54212520090406037X
370283198803025810
520122196805051060
52230019950228050X
430621196511134687
360403199906184576
652325198707118735
513332195308288593
370522199604269159
511922197808265141
45110019620701175X
230921197403028733
370125197608238630
511524195903309212
654000197101060050
231003196209304655
330825199011109158
130726195506071150
532322199006086644
140622196511282599
370724195309237782
150222196602242189
44162219680306662X
500102195511205753
420324200506076478
410311196002176886
610331195808180671
652926195512141164
540124198503237930
430811200906308757
522723200412088831
53042319691014364X
542429198407110278
211303198610157913
621024199109145886
810000196809010173
140521196712040236
14092819550917736X
130126196409282628
150923198506268032
341622199710151710
330602196801123414
63262620030409087X
610922198408141681
610921199108257760
410311199401132606
230709200506111301
340822197808166647
445222196103298894
341125197504119691
320204198404164683
120106200112153368
321181199609160144
532325200703080947
620423197706256635
450802200510180379
150522200204162541
130803196906102556
430611197703275451
140123200208124027
440104197209151913
513435195101216781
654300200208140609
440282196211021480
36042120000801934X
542622199011136974
52030020050524636X
440785200503164665
370305197112233276
451026200702108628
542622195103051945
420607200107275509
33018319750521259X
330282199510155348
620522200504234183
340123197501266916
650205200507083694
321311198310117739
36072519710727364X
411303198602269701
540125200609032219
210500197912027811
360731197301078159
341202199603082919
330382199906121908
530602197707284213
430624197905140629
330324197907183681
371083195608178682
510403195611100902
130423197311299212
510100197407213647
430223197005178092
371500196610087844
410600195108138821
130804199003260131
420602197603217985
511129197004093023
350303199103082472
23018320090715475X
130621198811106483
130703200701293559
141026199201239824
321202198908186227
330402200708317124
140781197106178077
420506199803098051
440200197002281737
130726197405219303
370786198211044002
620821198910197234
310106198812248654
632224200505272296
320723196111230664
530828198704237883
230522196211058727
650100195711275270
141124196709044015
532531195710314064
621126199102217849
440233196511114219
35030519621121913X
410803200601218837
500113197601257627
310114197501188602
430300200009094385
410203197105092289
410725198812309336
410522195204277808
410902199504135056
330212199404044741
530622199412306838
411000196606216717
350902198410104776
341022196503068571
370214199909192790
341722195105035698
310230195710260259
210381195608062645
140221196608051393
231121200503207538
610800199103158352
370302200811112890
610125197310111813
120106197709087637
620200198311255098
130723199907050691
350784200011158674
230303195007069694
320684198207232679
360925199311108473
431300198307319766
230828196105170445
130425200804214026
620723196507138283
231083196206126533
411402195112051473
35082419560906458X
632321197309185074
140930195710209994
22082119570422546X
341422196102217128
36098119530324075X
220402195002113075
430822196406176698
530922199902238758
440604198411269060
150302200810090596
640205197711303205
440112197805228788
360121199109304084
350121195802019759
140922199604278599
43082119580611230X
231081197210307064
540126198808297005
340221196012137150
230125196503097055
340825195005107192
341723199410082305
350104196007154749
450203197510110505
410202195207081999
210804200910187754
441825200607301409
140430197301299927
542400195403272038
330521200902055839
361030195403039094
620500195501140710
140522195311202873
530626198410071474
361028195208179065
14112719840606704X
431202196703044184
411721197402233835
430423197908179230
370523196006104728
130826198203122490
532924197104175639
420526197009261137
431000197004238108
420902196507299134
653123198002282479
654321199812089842
420981199106301570
350111200712269325
440115199008170059
230605196305227869
511623196007201485
510112195712102034
420606198911304618
513427200003015613
653226197507316056
411423197006032501
511424199807060616
411425195008177142
510112197811309312
130132196604210934
450108200108060272
361127196508209362
511827195112239954
429006200106021610
530927197811281294
23062119690421703X
430702197001137491
440224197705026346
371422199301022840
430703196004213885
632600198802246204
440183196007074826
331181200502254914
542624197707262016
330225198806151950
361026195601192335
15040019790514265X
420704200408178119
610200197512168138
610724195001142285
341423200212215735
130728198909184949
360426198208054715
450722195002286712
51160219780518239X
500000196604221038
361129197508058792
511623199505103232
500116195112209253
141025200004129422
350500198901265764
653221199707070625
420607199704140877
210181198301039216
623000195509187703
370283196608128727
610329195604097364
420683196311209506
542133198101139658
520000200501050240
210381197206234642
350724196812286179
610304196001204914
150200195803123562
140121199911199284
610921200107156437
410108200106107658
652925195708195686
330727200707099050
411524198705294451
610427199006084775
130224198807054112
140921199303311280
350982195705214428
630102195309039324
44538119690330483X
530925200804162985
120104197702273717
622900196803014304
230505200408160816
11010619670406080X
522200198303280005
520300199211079492
360726199507152471
532524200109154274
430503195112250688
510524198303303434
150404197903036867
341503199402242755
130185197911172138
360700195411149372
230000198006267064
230407197609134721
542623198506089243
420322196403187229
420111197506167137
520402200903308798
620825199106292513
451221200802152828
232723200912250744
341800200411296715
542430195211021523
632625196108272240
410804198110143515
42102219510422240X
37142219960821824X
512002197105191584
52223020060623993X
421003199405105628
430503195306123302
532621198906242003
230803199102145902
440233199512125220
330212200501201409
440903198912175396
130531200005066947
421023200310134742
210922199806019470
370828195310169028
130133196409300121
659004199805122888
22240419790920258X
511827198103235816
431224195012165220
370503198910041992
530827197711248061
431000199404243159
340500197310056710
441721200812100605
410106197604217959
360400198711154728
320724199712173378
431226195703230194
420525200409073352
320682198808138749
350122200907077146
510184196802231696
44178119780521194X
43112419950415132X
441802198007015703
13090319791206519X
341323198712271770
350582199209145335
350802197810206309
370634200901254427
542221198702280120
632821195503173518
371724200502149551
421000196103088524
210600197401156043
410922195710189562
310105200603152748
510000198507215323
420607197712089304
652926199306132556
511423200109051922
141124199710143874
21080319760630613X
520323195706017775
23020420070413058X
150425196205179286
421126195711204511
150622198211231969
621022199012080833
53330019611113917X
542126195503297694
320114195809242081
231200196303139635
440184198211189706
150922196208174761
310120196209134319
15010019610617884X
32092419790629855X
340502195312071432
340602199106244500
140824196909282509
140431196808163879
371725199407282419
530628199403312089
542426200703119227
450602198503120801
620623196111269134
51111119531028671X
522222196103150352
210202195104101945
341722195107312978
522731195001021292
150000195210057159
411222196607103860
51110019961120465X
450600199503205196
610927195208200999
441427196512139703
51062619511206499X
410224195708118807
51068120060812144X
371623198203216708
620825196108160799
360726197309064236
230109200108266049
522636195706048352
430524199401272269
130683198001107168
41071120031024428X
430481196805063306
52272719701015530X
411729196609131648
410522199110135823
610426196611116683
152200197901032534
420804196107203073
632223195609279230
410711199612055139
371000196112201846
431100200408094518
371328197203083678
433124199412053732
340405195402280311
330225198104307930
450331197202040235
430623195312141524
522725195704174212
43112419810423499X
320482196907163464
320114198509032393
350925198205212801
210800197403071888
65900119611211679X
370302200705289801
350500197310044762
421223199105088391
530328199508116811
420202195106236981
630123198409201451
532626199701064756
621226197507033008
140106199505299147
431125197705250102
341503196603148534
450802196511238967
371523197311230267
522223196006203498
150622200710120155
620900195608050602
410402199506055319
620826195504090210
522224200212197725
520123198509254766
141024197306157997
620103199701100532
130823199707051249
650203200104128867
360122199206265116
341181200001259014
152527199102281222
230522196311128673
341522197009011416
53310319640903386X
43102119590816954X
510781200504286333
361023196203162689
37162519930103733X
610114197808018588
620724195206055275
532322196508260792
131000195802028447
37172319600624006X
150403195702122296
340502196403301621
130626198506231642
45098119930301682X
340123200903109141
500222196405215419
610631198006110305
130930199209309234
360900200310028023
530127199811069889
511402198211154272
141002199703062650
42050619970910569X
370687196710208077
510781200503224173
450800198304084033
542625197212130632
430281199303216555
350782195603023486
150781195705093799
522201195701256775
430200198103304697
451102196810031192
140423197312033557
230710196607234569
230110200911072417
640200196809074213
469003200602111736
130208197204177573
232721198501101856
411327195909098545
341024200001296605
32090019910311855X
150623195410318445
370282198712252819
410305195508110719
610821197902083679
130800198910267900
431202195003225721
450323200101151520
130926198005198246
451281196902288981
522229198603271613
22052320070503047X
130527196501239815
620623196005225621
640100197204204475
370704200611296757
230184199212167088
511781196301079029
530624199005121564
450300198101292492
23112419970809426X
230826197412126913
410106195411011891
511922200006173389
230708200807130702
440306195204207097
451031195802173897
431025195109192239
430482198002185196
451024197905212583
530426197101308890
610403195709303306
654301196605232571
610624196910258268
341225200101083997
510303199610272174
500000199003028068
150104196306032664
440803200008048545
230714196808158975
411681196205080987
52263319660525382X
653225198812213430
140822196302053088
420981195809035469
420112196507175325
150727200607121253
410505199001093648
350700198904010207
34012319940213700X
52263319840801831X
451321195804263400
450423195911123304
341323195903024840
141123200712176599
451224195408073000
52020119890407085X
230803198809066509
511623200307144944
360100198202159049
341323195207119870
361126196805011727
610627197701193609
411727195501111891
542429199112087327
330211199706202032
130425200303056007
610525200005208623
360481197908306610
321011195708090302
310112199009184286
42110219780303233X
469025200111262351
211100198810158574
652327196307043133
141123196611251407
430722198110112170
430626199011042124
532922197806137319
440183199604251409
451002198011131481
141032197106018810
341102196906184155
513233198702077860
320900196704033590
430521199002275244
231282198101051559
522301197701150094
370283196903222599
45012319620506531X
35052719560320584X
430902199008065275
320323198108071110
532626199509172845
34030019611011137X
500224195906166801
610425195702018201
220621196002296718
350203200506185521
451123195107073195
440513195905075482
450328195310046282
150202195303148512
330702198507221691
33078319840705074X
440106196504214807
211121197503157368
130435196011126230
361100197712089390
15050220020601095X
410328195304087291
371324197001100315
50022419930129346X
511725195210261698
522730195812171538
120221195711113937
140521198407076696
511133199901285184
632626200301103057
530181199003167868
500101195704052232
34172119660308874X
450322198406287297
451027198712270238
321081198705186125
430105198610055337
652300200512305613
360825195810077583
130402199803105880
330802198601131663
370724195712063073
450321200908137372
130429197205288358
522723198602142501
533122199907162528
411521196205159466
140826198210245255
350122200205138426
130207197308259585
410205196410211561
450481197412247735
62102219881006901X
330103198902239035
360200198910097876
653023200408083722
520325196501179292
141021198607234138
131102199208220336
511681196511102877
37108319920225492X
410527196709164493
370700197204309303
610104197111154392
623021198509300724
152922200808197036
530323198212044058
421023199801202345
430923198504107857
370829196004047082
530402197301263729
220524196305101520
350784197305217380
331021197402043398
620103200006196240
310114195303264441
410522198808191435
410811200008091652
429006200905135876
361126196208226586
44188219730522907X
431129195504266120
411000195105190403
450804200801092654
140226195205300452
620802200202097487
360822198409124958
410811200611211479
371422200105301776
331022197710158521
370881200301062945
610825195508200482
371621197508123273
522634200912225824
450300200804123943
130925199310074192
513200198611204572
540000199602257150
511113199311014725
360900195108142320
532600199007124372
430223198605289022
130638197112302138
542324197004124593
320504200403146818
43010019720425844X
450324199909056164
620822195507199160
410403195709102697
430528195207206003
230124199311217072
320107198903280447
370305197802222056
41152819671130478X
360313198906123143
131003199406230712
433101199502143657
340602200909181078
411329195109064446
610404198004066531
610500195702278327
141034199102178384
420323198909253671
340223197008187769
210882200210135469
420602197104015596
220104200708027128
410303199902021939
510108195602156213
350723197309113893
140426195312057719
410724199405151285
340500197705242614
440983196411174742
410305196107176973
152527195902113173
12022320060220916X
420702198006152810
542126197007045016
140227197501067179
632800196004142197
220600198504173694
61011419870527556X
420923196207173494
522723196512272784
450603200408215841
23272119760819834X
410781197404068277
420503199204280936
340711196904120551
34060220040914238X
230828199201040900
542226196108142254
511824200307211200
522223197611122009
220521195209027216
150222200306253472
130727196707275441
37012619600905177X
433124200412050203
522628196005019772
650104198409169994
522226198903028018
211121196704307030
520323200201255034
532526199607147808
110114199802262062
341424198603076687
632123195805216207
430611198806181663
320206196309074843
532524198001158038
34182419650614373X
420529197803056594
500108200112303243
371200196702251692
410926198009123679
620823197412045674
320100198411286071
420607196803142700
141034200212180771
632523199109240430
230303196003041605
512021195102282771
35020519860623846X
370405199802067425
130825198307238897
522229197405152432
320412199209258946
130400199301247077
371523198010072669
520181200403053580
533124196602215819
211221195206169465
421300200111264757
210323197306052463
37120219610514236X
360602197302134602
43042619520729579X
15253019830402122X
440825198912121024
130127198704171168
350823196110307130
542233199809114210
530628199402193102
532800195705068649
420107196611076940
540000198905261267
141122199711033607
632800199403302788
620900196905203788
620800200911056167
360600196912252625
610928196907132797
140122196112047893
371328198204303075
130623196209183594
360121196005312174
211224200003013260
450621198707217452
320113198111228496
430304198807071781
410725199903133182
532324199012070772
231223199401191996
511524197408224931
310106197304038250
21040420041129051X
533423195810219537
321112198501069528
211000195802148481
450127195906057313
150400196704199401
220122197209291424
510131198804050473
140932199012221778
330283198706284733
522224198012156515
632823198106116444
150100198710272057
440114195709119796
46902619620513637X
411103196307274567
420981195610311737
410122198510064044
510525199705103719
360427196505298596
350926197112114497
140724196312158489
150123200012179423
360830197809050906
150526199507078603
231000197309221609
520323195212032465
533123195503294602
622927197902129275
341226197608296213
520425196611207456
43042319960229960X
360302200111161630
140211197505194203
431223197304052562
513324198002122324
469026197406110189
230833198202263539
532624200901201973
341524198609200744
360830197708293407
340221198411300735
370281196811202934
150700196511034957
410200200010263490
330783199109092276
51072420000725742X
150207199112228034
621000199005062225
411303196206050522
522722197510172139
610431198312253813
211404196703213032
150627198711053283
411521195205178726
63010419590925598X
350982195008028857
330624197511250979
341723197202188114
469024199710157850
650121199601022512
211200198805312341
341004198905198818
513426195310232781
360924199703023763
530828197208147710
510700199612129438
15092819831108370X
431126200507242604
652101196405058385
130125196604139644
110114195003043877
330523200107214047
430382196110052601
330500197408132396
360800198911262178
510681195405292958
445100200509110762
632122199909262226
340827200208273656
445300197204061329
152223198409257642
440307199512151202
610922195703019976
540122200006141994
130634199508264944
430122195310094310
152523197602124990
42088119630507464X
450681195508145364
654321196209200784
210904198106067773
130402196006309553
513436196612018358
511902199006126354
450205199108049170
411602196410134790
469028200712048608
341881197009304215
230306195406208179
532923195405210092
420503196110150459
632624197205219052
360103196101171014
61011319791020898X
520422198105085230
511500199203219424
140930196711249781
652302197306216706
350881199707034136
330483197106248487
222404198708076534
340521196701227369
341324200802235876
410326197703062215
42068219691010606X
430102197002238590
640105195712127341
350583200701266915
420583197102103165
513334198204275241
532923200510275000
341182200705055163
321003195211239896
440114199711057203
350622196505016971
350105197109030262
500238199506144722
632324198302087547
231283200401208585
210323196406094463
420506198510247768
131126196710188754
45102219611224908X
321084200003195528
420205198710106246
350400199705264456
211202199810303623
210283200811099321
441825195312279482
445200197901303260
441422197205312310
210105198904093856
220402200104305805
52270019980801955X
141122200704207790
130500196312300912
500238196701262181
330881197307192896
152221198706303761
230605199403017818
610928196902253450
361121197405234609
530921197212019405
510100195705240505
350421196408229708
632823198503134697
420202196303288937
331124200204193431
371727197405229431
430981200412157252
530628196111111003
420503197209018874
350723195707120950
530923198401225547
370481196508020266
500234199207110527
620524200303086762
33030019520229068X
361181197804301916
150203196507221460
130725197904223482
130800197302249368
430225198412280737
450322195803017027
230306195508025402
370285199303116625
654326200302187802
632522196402106441
620105200403020751
440703198701199426
230182199503261960
532325198905305649
500101196101148002
360429199805155681
32111120080121775X
530722198506265185
130723198907044406
130983197003230858
451221197302248570
421083200005263720
430200198012299511
230713198706251514
522702199702221891
150825199709037367
653127195810035013
53253119720719106X
422800195605032934
411524195504189619
141124195102115636
431025199711077573
511800197802075036
140105196207044971
621224196910257530
220112196606208332
431302196301147194
410306195405231258
150300196802097446
150902199409198135
511025199704244388
340322198402012653
310108199708060106
620621198410161170
654027197105111759
420116199710175506
640122199312152104
130432199508197311
350428198907221747
222406196608163677
610327195903147189
130631197509063724
340100199710212054
370982195301198840
321183198703241934
640502198907212761
370982198105033364
430611197212223702
610621199607180888
360323198804014803
610115200004217777
320723199509082888
140781200307026955
321100197405312735
150900199310092805
150523200601277015
410902196301296470
210114198607230996
410702197304231350
371722196509300486
610928200504118017
522727195110158146
654325197210254819
120223195911172053
360403199201200679
430426200501126122
500242197109095002
610222200401190706
320405195711280581
530822200509183519
211223198005250976
360202200705106035
522635199305153997
450900196412042750
220500198806118003
520114197102163570
610203195905171493
513429197504083233
621125197010019698
511621199402070690
610728196808110647
321111195511042994
451121195001018494
620503196112247892
15012220090122358X
620721200608062069
430211200201026538
361000200703253573
32012519970307219X
450224198404039078
321311200412166638
320311195409157840
510100196204285531
610000196411181450
513221197402232451
35072419881121210X
141127195602263626
341125200303226284
210500200706168239
430225197808276908
371625200609086862
533422199505295391
150223198301060774
610326197505249940
620700199101302820
152900198811103477
360722195306150716
510904199409079670
621025199810050435
360702199801302468
360727199406155733
130924197912197725
530926200012237316
623000200303248834
130800199802165645
360122199504025081
510500197812077337
640104196212222930
330683197203278187
231124197511092640
330182200711164195
15042619860629116X
411102195506054611
140223199501186761
320600199304181567
451100198410302324
620200196808216415
360426200111114160
450203195103061954
430423200703069235
23090420070521760X
370829195612148843
230714196210134338
350881198303305425
620523200701232589
620122199903095195
510682195912305422
420106199012224574
520122200311305808
130182199804298122
511800196509220463
530522197809307236
632626197711217917
230225198410170940
220200196812307307
150522197105095270
530322198109172936
430223195706105778
130107197007021666
542300196009309671
542123199106171907
23022919850505004X
41160219730212256X
63282219720817103X
220402200507131985
350181200407064509
360900196410234132
320585196702275678
341524200207193828
620503196810264841
542121195506194197
533103199812092150
513300196905076533
522322195102159516
35070219990515033X
220303195501174359
610825197010126835
530402196612160669
530103198303271620
230125198706027670
652101195110158392
230208197004304009
150125195607317409
230500197304034050
542124197612277779
445102200602225882
360923199111195303
420527195507070357
632323196911265972
630105195410202551
350902200910156927
411426198108011764
141026199806298210
510921198810047626
520300196911263553
230600200204038628
51052519630802997X
542427196503098254
330683199209033606
62082319670623082X
220821197901124608
340828200703049877
652223200611230513
513337198109078345
230108195905295694
422826200803021846
44162519540511263X
450405196106020523
440307198104198250
610481199202173861
141181199112146087
410327196503099381
510600198910193788
532900196704033743
320684195201128228
653121198701284112
440224195208167886
511524198512092566
450422197505071628
42108719630722490X
610700196106223659
640100197002062245
440500200507258023
422822198009164342
370105195205200545
653225198602084028
14022319840122755X
652829199503293416
652924196710276256
34080019941005366X
110114198901240956
512022195004117736
370481197006288638
632200196603150460
610200199904021409
36072519500514627X
340404198804055608
411622196601132881
654000199004058345
533324199806271673
450103196806113780
320505195308272907
51202119940807755X
421224196907186017
130131195309200636
370602200108094981
430682196503020631
370202196903030783
331121197607230387
445300198507213152
441882196111112178
620111195701182920
370682196007291858
220323200406091327
653223199505134638
430822195511081389
469033194912314416
370502198602267969
623026200005029602
371723195202290334
370481198511269360
420527199010245949
370613199105188636
230306199109145667
14042419530828553X
445200198410132254
430811196908218748
610829199207311123
210922198409301611
32068419590109054X
130000199302025394
530124196104219371
321300199109042929
522426198109031018
371725199702010635
430104196801010726
510623197708076609
65290120031118886X
321112196208105172
510122195610049562
410728197503287940
61052219860416204X
451022200009170778
621123195311074269
350128200306159822
152921197501073871
441827197805123947
542427196310271233
371424200404089018
445281197202133942
440305196307312445
130202200712188187
230703200506245651
430700197009113379
632321196702153920
211321199111144461
510504198006146887
34118119830124659X
230624198405249537
610500198002118799
320705199709301544
522627197110172697
654003196202146480
371000197401155801
542325196207070566
230707196612113552
43092119720928006X
653001197503183171
130200196403226571
500115198212174876
640323197805099768
130131198012010560
513231196203197233
130582198503288542
231102198603314104
62070019691014999X
150784196306288912
340122200307262020
13080420040727579X
420607197704234743
50011319520730131X
513322200712060532
522631200708172017
451102195101060527
510107198509308697
150921199601053445
230230200510124686
53032519601209824X
411500200102030966
512021195603034493
46903019830703196X
341322200907122437
510303196204205634
411082200711088933
310230198103055564
152201195210173116
131081198405162396
150400196506157489
370923197807087493
140882200501291682
360729196901113281
431229196207148099
430681200710216824
654201199901173463
469006199407234953
44051119850302195X
141000198604309059
441225198711170143
350629196701193945
440204199104168887
410225198111190443
623024200209045847
440804198104272658
451223199208141090
632625198206015474
222401198206279113
511123195212081193
43040519920720134X
32011519690306776X
411481195203271629
34170220070807001X
65012119690108296X
150205199107244117
430724199905191519
530629199610319191
511602197306194767
370104197311046732
640000195708245284
34172319870202273X
370102196905303372
341022198801020719
34040219820430791X
542524200104040536
150824198412119117
370611197206012849
321300195504174990
210212196010316299
530426195506189229
41060319790628264X
431230198201243989
440823199408216923
230127199401233980
330522197108138735
140100195501194632
13018519720424792X
120110198409177058
421000200312101704
431128195803179768
140932198510069436
610629200510271077
431081195305319795
621221195310128459
320323200110149917
522325200108123904
640402198807105058
330602197702283329
140624200411137548
341802200402178242
310104195105045755
310115197502052447
130125197102134899
361181198709239952
513426196911205468
450502196312153972
420804195701088827
141002195502196240
220382200009050433
511325197312178905
310118197412115925
310118196708145045
420381198009154428
130224197211262821
65900219601220342X
370700200704101239
621125197006104814
410200198801263008
64040019940923709X
340500198303253657
371521200909274354
441821198802270825
42010519830418020X
211002199201319004
130700196801180545
450681196711062999
310105198909142489
411303197404295488
610112197811308516
532526195509307021
419001195512153662
37082819520510920X
330104197406283960
32092220050520776X
522222197407264054
621125195802131056
411300199002149680
54012119651119213X
610831199303263557
150300198801200404
530103200203182938
451121197805218431
532930196405071465
542227200205044512
361125198711051325
15010319661104530X
511602200512271326
61011420080712931X
320981199108191332
622923198404112728
370686197210199379
53310319740130819X
441825198303117338
522224196704014025
533100197611080198
510500199108049913
130421195011098687
620525199701213692
441623198306300177
430382198508056003
141034200604058994
530428200206220155
513232199306178182
632802198011130938
430412200901174766
420100197808066754
430611199006272617
513324199008235121
350627196805040262
620503197306126954
232721200902215707
370900196812252407
360428198611211496
130324197209211289
330900197510109506
440200200401278249
340700195106195109
150721197908135146
530428200709252124
140823195508114669
513429199704157160
130203196802276006
530122198004209826
152526199011210801
360104196008082865
469032195012017916
370982198206017945
530100199802155590
330225195201300227
542332197503179388
130681196508093314
210103200805190295
532329195603130443
620521196705037690
640303196112041942
520221196504234372
511725198105282538
330702199907039121
341722195601088051
330681200106067259
33078119820929234X
310105197504249937
510122198804134996
371524199006252756
140300195702174639
22060519860912708X
320703196010124074
451323200903030000
341421200001282185
341024200504211466
360700196211224774
469025197902056904
431122195405177590
220502199405188649
370882199112188443
610525200502117669
140600197810011939
210681195707063746
350781199412288256
360426198309235865
131023200301059235
34130219571213798X
522630197601119864
350982197104038587
620723196109127394
211224200503013590
623000196706251043
310101199803304805
34040219610520414X
231000199903133141
653100194912313307
140481198305053670
610330199302101069
520422200404096706
37012619940526552X
230104195706284006
361002196410200332
411423197108097357
632801200112167610
433122199503156814
513231195808166099
421100195310131557
653130200704231936
532622199209286773
621126196707277031
140781198206295590
440183196304241790
542123196410076775
41172219940502740X
430421196206243923
451226198209229128
430412198704182193
542425197407251249
422826196406117749
130224198703297646
43042319690226785X
410822198607318598
450800197003014790
411104199705074405
371625200203071038
511700200903012850
430981200412292470
431226196705229589
370305197803258720
210204195012255843
371424196209296653
433125199708214036
652929197904285536
350503197206060630
411522195409108013
652929200602084493
350781197708111602
610324195303262344
411381200205236120
511623199106298773
130825196805176554
450204195512064212
340811200007169050
451424198503227113
35090020050320620X
130185198808179432
653022196201312887
360824197205221156
640502198008183725
340111200412249064
460108196305300960
430400196609149059
445321195111235740
140602197209063140
621222196803287766
110109196810143800
210381195809047070
654201197111184783
230606199902045510
411423196005061808
522727195206244401
150423195703037136
330781199212065118
65270019651109049X
430211195006290882
370181199509108697
654023196109044303
370923196211256968
542232200703018326
43011119710823579X
410800196605137155
652826200611234313
620111200102013045
130535199005099909
500103195009089095
654224196201218932
360734198302224852
231002196606233567
620500199807070485
411222195602209493
330411198904095828
320323197307031096
43022119830923020X
61010319550710832X
430204196911046944
340503198802189142
320000196607247520
130727197407166416
130202197003236356
320103195108117908
341200198512147249
610124195207076380
654325197908252313
230713198509105665
440983196811147989
411400195810261328
420300197303257556
532823200208308347
350581196505108272
500111196102073666
513230200307129588
511113195412180572
610602198807118129
211422198606215177
45102619590514297X
500241199803247101
230710199402256709
152221197703258163
152522195806305704
340823197908121215
330824195609137984
610721200001018254
130433199203191214
623026196407012150
140123200107127026
330326198605161249
341321200811202006
130183198507164867
130700200801259228
130825200611069899
361128199009028399
430102195601293445
511724199201293593
341181198507251642
530402196601198231
320684195908254295
632123196610128922
140826200508245047
420800196709119340
511526195802126233
420381195601058781
230207200109070606
430424195201176762
530702198209122481
110104198401046820
371312197406101898
511323198812210950
44092319570228377X
430802197908099441
530321200907073725
340103198904211548
110101196712182688
530800197809266348
44050019520718740X
152500200707093473
420205200409226820
654324197208173167
361028195004087425
430822196610088791
430524197910152346
513324197508152104
430581198909039874
231226196806258007
220303198409169868
350784199103308259
440229196604090645
522727198710049043
440512197103272161
621126195512038992
530900199805100468
141023200204101122
520121200004256368
420981198004083918
451227198711024669
441300195612112655
110108198208033863
654025195403010604
130523198705127747
610429195804059907
430500198109088004
231102200812039487
53250019590116667X
410108200006253252
220521199507182706
451122198908027241
220203199108302265
652827196211293119
320104195103275305
431022198302284308
500000196009024996
620302199611226312
632123195103153563
371323195802126093
411121195712300077
652822196212046951
511400199711049331
430103199207112049
520122200010056561
62100219751130231X
211221198212271566
620702200208288799
220622195107107348
131082199811046201
440224196709067167
350724200103025995
620302197607219540
520221198404096581
33072319990617098X
53082419960602420X
51200219540709000X
451324200003264019
532326195212085754
410222195603094252
450421199901136780
620522195206300548
350926195003078408
440232196005026420
020060427534 
340504199202296164
120115199306271670
140623195104206291
232723195404047877
500231197403051124
52030220060630906X
310000198211180793
522626199306094793
500229196602288187
620982197409086630
220422198802204767
450305196502240557
533421197101048209
532530200310207152
230502199507273176
130582198307189600
340300196802116104
654221196803171116
522400196703169033
220722197205014297
210113200312062044
430502199906023956
330602198001140004
310105197012233779
623025197708194152
150123199302221022
54212619501123948X
621102197512291662
211481198501315200
431024197605089903
422800200908269596
53012420030904085X
330503198010055232
420222195905284790
610523199303063815
445221196501215461
450821199606036164
510623199901259131
410523198704307065
320105195507303989
150784199009042506
330700197709220665
152527196406189501
511722200503142099
360100196601254060
411426200702017712
652828199112098342
530826195602290927
500103198610292899
513223200107066769
410322200405228749
141081196307284261
150103200502056797
45110219830226911X
320583196210040829
500106196609218253
360702199008235837
321300195012168594
451224197612024870
411700195501128394
522425196211036856
610724197008033259
530328197006290888
130323198303121536
520425200501283043
210882197102181586
511000196909251679
230304199509284946
61090219880711217X
450421196307187397
340822200703151005
632626199205170828
511322197002157739
350784199910208385
360429198812019536
530822200505261882
21042219930124136X
610827196008270449
610322197705181551
340826195802053015
150784198109043982
510304195210133368
360323197007244927
533102198004194617
621200198507285513
510824200608083934
620524200204285184
350430198902175560
140726200611209639
431223195302239199
510922196903112092
410204196812277612
659004199908051218
361122198605295992
420582200011193714
621027196709218175
513200196905138532
371327196606182880
360600200109038450
441702195501285953
130404200003181584
361100200907066978
220106200005140506
320724199309131717
231181200505130454
410725199409281251
45032719530530763X
422801199605187148
430481200509215239
410224200406287756
140426200410073257
542127197603186196
43012419781109947X
430111196205137935
522623198207166524
331102198612126280
62072119990806495X
152528195904204366
350402200802115119
451029196802192062
140321196903294166
310230198806037231
360827199009175461
360502198506040113
150822197704090822
152221199802245164
15012320080826421X
520402196103161477
230321195806195411
430424195302271785
370181199209102808
513224199011017867
411626196312274838
621027200208169159
211321199407154300
341126195611138860
130728199503040157
140521199408194170
330921199606237917
130207196707299547
410702199909246466
513222197905106453
43312319800611173X
511028199208152635
320404197904081944
511302197801124831
440600199807199045
330108196806174510
370400199405201481
150206197609034774
130200200507096432
131025196003222085
632524199907261486
220202195611241039
140925198711205007
321088198311136007
321200198207208339
330182197503027845
231223198408287136
611026200908036463
130706195903173198
130682198812234420
360727198909302091
110116196804109503
610722200905199285
513233196811224496
421002195212203497
45010920070419533X
542301196809045930
130822199410297006
340304197201240193
500231198902055511
632800197806285987
542227199102079602
654026200906040303
532531197604061998
21042219940422874X
430321196807277824
141000195510094540
440114197607099762
140521195310211317
210803195206210359
141126200912141517
360729200510054287
330304199309175028
330621198404095438
370881199807172046
520112195608216279
320381197304172217
330185197311104104
371525199911024258
130633195403019497
445200195003020817
620822198404143352
230303197510173682
350481195409121370
340702196805190611
230707198701056499
370611200403095553
510183195905132593
51010819881023569X
653123197711078441
350524196203046857
610521200404189145
610528198802221897
421121197107190712
370702198009196937
350823196207279623
420102195104296889
231024198411154698
371122197801054114
230711199811191287
130700199703263041
231226197206281937
522630196708124570
440825198508300434
542330197101020064
150802197609207134
130404200603277328
210403195203036939
500231200704245058
420602200605072614
150824197107165286
340702199604107571
371600200707082649
522423195211293353
360403196209098636
320304197002090424
371323200912156668
621222196407097717
632323197907050906
610628196103240534
430724197107077827
542122200712132544
469007195509262136
441702198012117506
420881198811308938
520400196606110572
150723199406296435
341022200905127211
150825200010260261
542522198805264302
654301195109112816
610524197607113022
222404195805072830
350400198301093465
411400196104189490
330206198905086710
533103195511106661
530800196307302260
421126199308081572
35060319921124560X
220882199412024261
451100197905258586
320305198509171275
35058220021119035X
500227200803117081
370405196110279773
652926199106237898
331002195912017263
140924199205103815
530300197207098431
220722197705181905
430124196609280051
36082719851123539X
141124198704117632
371602196901294032
371323196410088547
54242819820411052X
654322197307226460
230224198105145099
370282200106105966
50010419721203954X
150581199812146187
211403199805257199
522424195211212177
451422199203122020
511421195602111857
320102199605270024
330723196001317496
513430197608115071
513226197511296691
440882200010208611
63272319570821064X
140109195807315385
140923195511264321
42050619740404054X
420602197706104529
610527200105097628
360732199108289339
120223195606301066
441226199611275889
350504195610155882
511400199804027801
511722198308314430
41032619910329808X
130533197609252845
530103196203267764
361026200209078603
350722197311251439
450221197405123227
542127195905233972
131100198010187836
150422200509162299
321111195110224447
140200195303122609
330681195802285213
130721198910230119
61010320040602725X
130627200207259385
36012119930430264X
371727196709241670
450800198902283710
510682200106308681
340000197502020985
110104195902282748
130534200110027762
530328199701202236
222405195009157063
33088120061221075X
532623200712216395
610402198303033497
340824199705167593
340803198112095946
610403198004275492
532525195302217444
511921198906251892
440512197603035170
620521197401025169
42090019621122670X
652328200306306857
510321195408169442
540126195104193773
530127196503091212
360424196304137893
140521197802155971
421002200512198523
441324200604263159
150821196206238731
320802198704155930
350124198902253094
522228196609288592
630104197102211811
53252719531006142X
350625196902059587
632723195812094108
450421198308157965
360202195501029070
350521199110302895
441400198209060364
211103195306041356
42900419720511310X
140932199408190277
330900196103284257
513233198912090529
310103200012267460
320206198901037936
340121198502257669
511524200404081720
340402195109275485
431127197402039599
450500198011294364
430621197207284052
140602200301185268
511303199107318578
330502197306045630
130721196803288957
421221197406160834
220204200812236574
530124199707261839
410724199301108514
340800199911302409
210300196501037163
130532199908059669
522325195012197737
632722196408053556
621023197110271219
440705197306144132
230128196005036267
410100197208049852
350402197910065097
371521196004020377
542522195311303945
361027200401120951
500107200811219378
542323198902282508
360782196802232682
650102198504188058
340100199409117584
320723198306146015
513333195705264495
371600198805249393
43100219911217983X
231223196411175750
130108196111211568
350123200201208913
410108197201245691
360782198203053278
610621195102049843
440112200310187907
130702200005094357
654326195512196623
411627195607241648
54232619520918442X
330483198903147771
451402199312060329
230382197908276695
533325199511203266
513335196303174101
510129196801305484
341824195709193046
430681198509087477
511324197406264795
341181199001068116
330681200707311210
610522199301183411
140226200408138188
410381196908078835
230706195009155394
230622199305162700
430382199505036714
420703198001078494
231024198712225365
440224197611308481
130435196705222665
610323200712032432
320925196807091264
220284198207308084
510422195111059367
371626196904060515
140981200908311621
340503196812271124
430600197705030950
23020619640329156X
140882199007211514
430102199510270107
53252319950203404X
640302200505028266
130400200909213778
511028200704170432
431123197202298670
361021197009103089
331023198503311547
340700199807028133
370881197302204293
130283199010146575
370214195405233861
440281200509276286
23112319990828909X
370811198611046888
340825196406299767
421102200805115950
420581195111096938
341623198508123179
431221195003168172
410323196311143151
411081198012287232
431224200403306506
34040219630428228X
141025196905210982
632625196602226995
500236199002208371
150721196505297330
350582197303095486
152921199006103577
431081197807181342
410700196111260318
361122195304104132
150200196202168540
350623196907145967
210500195812058195
371723198008308477
340702200911070663
511133196308035287
440205198403139172
65012120080405590X
640202200306105999
210500197103191478
210411196203097779
210212200907041428
610304199805168465
513401195408169154
440105196611110310
141081195304196691
340123200710223044
611025199805176330
130200197708141960
430726196403072631
410403200211236640
440200199309217018
510725199301310448
622927196106151733
410328196112238678
610424199104259242
222406197712044082
513230199101137720
320305195305184863
469027200907158376
410108199105164006
420000199901153864
520381196605252379
370202196106178152
130529196507181055
500114196807185560
361130200311104134
350426199210181572
350427200209138093
610126199807229409
37050320060305315X
500110196904229208
610802200701197456
340881196003078733
441802199407035185
431223199211085372
513225195908031274
360124200405265336
33068119610222940X
140624199012131100
620423195705139999
520422197010317532
513321195405292237
500200196706108942
231085200009160064
120114198409118192
220700197912309168
230305200009306186
620923197201207720
51082419581219948X
61012419581102275X
430529197704202375
220282197703239746
32068419620618774X
232700195010122868
61042620070526167X
441225195109205653
210281199211098503
53060219960827684X
210304198502082788
420505195503108364
361129199404190843
152201196508263143
433125200912137432
620111197903021913
130425197201010548
410611198603101770
340300197903063261
542232199602295265
652301196609083604
632700199908278802
530181200808258623
510403200211201265
130430196703304905
430602197508310198
411628200106174643
130182195306178285
62060219760724235X
620823200009152386
513427197104144663
530103199109080032
130928195702113016
611025199306022716
360102198709212438
610627197307285927
320830196703016329
510811199107053633
371300195604117861
621222196004080232
440604195206098983
320923199102128232
450126200403283797
622901200803263461
532931195810147672
430723200207133222
411523195404258027
320682196711153097
150928196209098535
410621200903067896
542334196308241930
469022197109094527
420624198607096749
320506195001113860
520402200604011679
53332319580213460X
610629197201255757
533300197208220825
360829197311187811
610124200001011972
411522199407293153
130402198104308457
360123200302266874
630122200908028351
360721198002279307
522701198701182615
431302197102101622
110000197703234573
623023195607295737
150525198205197278
450124197507307450
33040019920412331X
522723196707042380
610330199105059850
510132197808228736
450400195508078430
130625200512066712
520326199602228743
150727197008112633
542324197003096789
620600196011303185
51333620030901645X
420607198308257673
360721195510134645
371323195204268278
542525199203060891
341721198205100802
410423196405035149
500118196808015163
231181197007030157
511822196504159948
533124196906287002
320582195110131917
360830196502023175
520329197103218436
360124195103227752
310000195901018781
230704197902130030
520382199105144056
44070319820809636X
370700199404083678
620104198206140424
450325197812088001
513321195509031410
150124195804049072
410329200112098287
440282198805258679
370214198809040461
511702196402260710
422802200508293928
21020019920904070X
130500197910215974
350626197308205677
510683198808142133
320803197002152307
500240195306120762
211421199511157208
43021119970627630X
450803195701212997
230109199202133386
341100196609174767
320404200004214179
522300195012269246
421083196503100159
320826196906030118
542525196708040016
360421196006157715
21100519600322566X
350783198205154501
141130200810132059
150621197410044444
500227197507118114
130428200304087891
451200199511061435
430111196708073718
410600200008059388
420106195906068226
370202197703020606
341402196406281860
440605198105092005
141028198109087491
420700198011115130
411724197702089969
430981195707136850
410400196203112316
150205196710262498
450900195908193996
130182196901056308
15072419871130777X
371521196902105428
220602195904302810
610523195203016706
420600197001137838
430621199605215537
411281198405152161
542626196609073420
431128196512019822
330282200110044644
533421198910167552
540122196507289082
43040819901031776X
654021195810277597
340502198505310237
532625195701022666
35062819790115720X
451321198903120484
533103197109197883
230406197405143160
419001196611214090
222401197505302315
350925200111096395
522224199210056317
341024199502191574
140829197312146594
450330199607249443
430100200912227147
450224197006141478
410303195510241512
222406195710030577
340826197803174213
653127200303301704
140524195501293916
621100197506056014
610800198804303431
620521195001016803
430611195109282692
653225198504207266
152523197301050887
450881198111306515
410200199308301917
150581198511159588
640521198012154205
451228197012036363
45022319530605221X
341621198803306143
430703197409251462
210881199110264923
450502199708222181
341023199910067795
610629196104015079
130705198301174836
410303195203167762
510703197112285442
140181200208215600
360730200508208238
430811200709098658
620622198405145033
520123197211307031
650204195903033023
130621196208015676
621122200706245437
141081196008020645
513222197201072945
440507197611301642
653129196906245725
532523200702139335
420111195806103371
652800196809141646
210203195402061757
371302198603128020
37061219740828446X
542500195109235362
350212196301250956
450329199912278560
513401197204265194
621200199810295436
451422197612021256
420981198306099448
65020019500314489X
140829199707130764
653122200801192078
34082220020708160X
361129195906253789
130604200807073125
440811198507014972
440500196006191626
451381200206170191
13052320060930853X
610923197702047479
431025197410012590
320506196404130205
513229199901212498
410522196811125747
530921195407041195
652201199303234842
341100196807099075
340104197512301060
530524195204026689
533325200903100974
51132419630403007X
15042519620912037X
350122195111023616
360428199504294577
422802197705159213
230624197101283598
411521196608095743
140724197901059475
532625197809060540
632721199806178597
330783197702272551
230307200311099969
530423197908117631
420381200412030599
360727200602023688
37110219820907326X
36100219711017179X
130532197512233895
640106197508308730
36042419631024664X
321084199703163601
510115195103052851
152502199712241669
451121195604194104
371000197101071606
620104196602283401
469023195506239643
460108195101109975
632100198011036115
150726197407068266
230422195406065767
140721198712019883
361125198705154109
621202198407136927
37072520080626401X
610929195403064761
65312819861206290X
360700199801226028
410122200308022457
130923195506010392
330503199104256937
451025195501137238
610727199907097684
150902196709212951
430781197204221533
620400198507256894
330783198501269473
230703200903090905
532323197207012374
210681200608306830
361125197310179526
520123199410124931
530625195611297103
42122419770905566X
511500198710182297
522325196909180555
340200195105178342
51178119670428828X
330702198908029123
430725198809102311
230714197106053516
450100195109264387
430624197806128931
130626197607144762
231005195811297409
371625197607248130
610723198401230062
150802200807152810
450127198103028037
320103200807237590
621002198608238291
210400197810053298
350725196004064873
211402196511266807
110117199710125182
140481199211090176
632700196211101181
350525200812043067
621200199303319659
511011196911108379
140425200203149072
653024200810239285
130804197209302908
440982199402134631
430104197510156391
450330196010294301
150205198204163621
440705199705199578
410800198304149768
450324195407134080
610830198104145928
520303196303231987
130225197202036714
520000198212173383
530100200901137131
130424196004254673
522228195604082945
620821197310110196
230882197005036399
65322519920719175X
220203198911147933
411481200208315233
654321198509287809
41022519640928833X
350823199102102868
370781200505074651
211224198811113796
340122196707097395
330122195212110379
420981197906147082
610528196705135189
510600200103012784
431027197207164655
610822200301185363
350527195805304686
430204200404214164
533423195612103744
451400200902269061
511322195303139295
522701196612127279
150524196402263267
330921195211016679
510921198208225629
361125195509152508
520324197201042268
410103196606024778
361129195907168949
130126199910105661
130727198202017163
130733196509077687
511124196402293286
361028195702097663
411621200503159610
320982195901132774
230500199110235208
130426195005093689
130406195801317449
371621200208105406
130623200304308120
321323197504218328
640521197012245620
450700199909302813
15020520010423762X
623022199104250379
341824196707145889
360881197804057957
410204200802150692
230206196907219908
511028199202099538
420106196606032728
421087196712123379
350203195912060296
420804196403087601
621025199609304923
500200200701181867
410204199809260530
130428200008286693
360800197811134799
320900195109022075
511623195809255798
220322198406276640
37070019590206499X
620722200601141000
370700200004120121
140426195511048284
510502198404162644
441623196010151513
441602196401171181
510725195207085485
350627199505162990
150105198409138651
410600196811305593
522322197509196270
520328199709292289
210105197403011889
522325195703152917
331000196904081486
150125196706121473
130925200708212386
320804199103267790
451227197003308068
650100198512203489
45012719930515874X
231123198306152710
411625195212056461
130604200611224024
371312199302147540
21101120080810807X
370284196903177835
420106197204290040
511321195306067446
450821196201252690
430100200604077343
110228200601060340
422823196005296679
330324198210314981
431022197101254351
140902198905050205
522322199810074212
130621198007174506
370212195405019029
441303200802185305
140106199412264156
451121200708064287
130929195502017173
411327198703030661
330282197708091520
350182197612176421
370406196209232541
230708195805127020
542622199309214875
130131200107287482
500200198308295753
350427197302020511
532822197508238028
522728198702185471
330523196505014551
530323196311241306
210123196105138572
230800196802217230
421202197409068778
450326198206023591
370702197012265708
511133196506293623
520400200312066210
451423199606112181
610725198511213602
120106199002089806
14032119670324296X
51152919841220047X
421281195406069405
350702200309249865
522630195005112560
211102200211161213
370784196502206698
320102197506277854
361181198905313718
513221197311063613
469032196709156515
140921200110092507
450107199309125464
542624199502080162
320802195702247598
410185198509268889
370285196101161926
341202195502252001
371325197402066986
512021200704218340
420922198809116158
532525199507214587
211103195006120060
211122195108037478
222401198806154189
411522197909013677
130524195208036257
632626199601137982
350824196312225471
231102195103228169
431223198602113129
230381196906031650
620200200111225935
320412196709097401
420527198903246485
120103198202139157
431126200610092915
620111196201200189
360000200402299112
500240195906176663
15082219510226956X
430321199512067209
370783198711043576
130535199508032159
431023199704217424
422826200310131019
220322197903287389
522632198408171334
131100199002122033
610527196903235643
13072519630620042X
65282319851203427X
150429197402286152
230123198407062991
632123197008225046
654321197004285301
441502200406169201
210403197902284789
33040019560120879X
150404200405282402
450105198709019241
420302197108316613
130323199501188939
130533197108097525
610928200001276304
421202200909205673
350403196107145276
520326199601265630
411526198101191470
652822199712024365
370785198210054966
450324200005138955
433126196005136695
610800200306030274
445222196904068896
542523196206162029
341700195008214274
360723198111287077
610824200304104031
150625199109105150
230882198205233447
542331197909251638
522728200202030617
360732200101236387
140821198705263672
211202198009270323
450700196205275710
431002196804036553
330324200709300829
211322199303261335
231081195809177324
371722195405138301
51110219670106272X
320405195801210472
350603195204203972
370124199707297137
340122197510025317
610727199310244928
150723196904085709
420000195611012133
530112199504149067
140882197608093104
130603199412151019
632724196411064339
620421199803108083
320982199501199353
33068219840803343X
15012319870517326X
632721197106251010
310230196704088354
421102199312158447
230903198105035830
431121195708213660
340703198001018248
330681200711258176
511422199807317343
610522195906168064
350421196111270806
130532196003137155
610921200610211106
61082819590215177X
120114198008243814
532328198907096720
630102199411281860
650109199206073948
511922195301123751
530121199412229752
632802197711268343
410505195607061925
510108196709016522
652324200608079957
620800199404191668
450330199912103221
331024196207030131
370284198401182174
522630197406109759
422802196701122793
15252719800424604X
530402195608230746
350600199905282772
23040519560327473X
530523197204075088
451227198706053190
42070219561111056X
222405198306191106
340502200112259784
21148120080816550X
131081199107161322
653130198301197526
130624197311287497
450221196612103507
430503198003190093
420505198903076887
140822194912317424
150304198211021778
451302198507176663
210281199611307909
632622200705100471
542626197111288197
231124200110175001
451400199308294816
371325197612192868
533100198701157130
31010519590427063X
430721196105088078
620902199309203040
620503198305189034
513437196108097997
140721199911123637
513334196301256932
513230199803287192
431281196409227057
430524195610080011
620422197204117954
622901198110025620
610802200709307429
53042319520407833X
440113200301077155
652324195410282702
421123199703178404
620825197008020144
220700198409143070
150927195706106742
610922195407205715
341824198506261962
652325200912133205
371312199009078646
630103200205238695
610621195610283273
513333195211096161
430224199910025956
433124196902107277
611026200503236870
623022196404019116
130722197906280414
500237196011064528
610700195711116566
441200200801295436
361022195205267766
440200200306138686
331082200107047270
43132220050508592X
532530198401314797
360104196906188469
130323195906206914
430521198608260819
410703195009113455
511525197012146902
341125196608157815
230111196712300859
620525199804075931
150784197401171506
360800198607177454
321200199003123207
451281197508247895
440781197412253398
422823198908195173
451321200807231686
540124200403058986
230709195002023881
640205198801091589
22240619571119176X
230605195111131338
371302197502194550
431381199111272209
230103199105047488
610300195612296686
150722200609226065
230123196203145331
320105195901121462
610900199108222638
542422196209191739
320202199901206831
510727199107189210
520422196711266462
511621197407214033
653127199705211378
513431198503285825
653130200202182871
654221199408146117
511011196607280174
340321200306086496
500241197111148373
321282196206245803
622923199106170529
542223196408222302
350681198111190706
533325200710226538
653001200605230914
130529198203019058
513432196601046438
33021219760919818X
410403197708178920
522727197104140125
610821197708213556
530300198204120773
621200196504025645
653128199205013996
440224200004218745
441622198003035867
710000196810051999
530000200411242937
632221196710230978
130229197802203374
610304200711237090
445224196312202628
510600196205263817
511502198404066776
360500195803298173
330185200006071232
23080019550829912X
511725199101125329
321182196602074959
370113199302282835
231024200202063597
341023199508090663
621023196709118486
231225198710151953
652800197201177928
36028119670619378X
542225200607026218
640221200605095734
530103197511255663
430581199412180092
141026200109050127
410328195406174927
410105196403124667
130427200012092334
150400196205314743
42088119650417773X
451324196703089937
140827197506215639
230822199208014993
340503199502108878
440823199512310610
14113019540614461X
532926198507232033
640221198101221506
420821198104127437
410725200704309435
331000196509146366
620600199505141554
532932199605209613
371122199401177093
210500195110043837
140624196602112248
320116195606121485
341322196805114058
51332119871213964X
420684198904051666
230781199211219994
210882198105028768
441800200312269563
411328200207037625
320111196504163871
442000200605015732
450222199210065456
140922200209282163
23011019710110382X
360782196802168377
653226200108124262
610426199302262656
370826195304131290
650203198704293858
341182197906015876
370602199504037617
654200197906209896
533321195806272206
210803198005135018
451031200101183156
440785195909189674
350322196109190875
140222198001307204
63212620090213023X
431124198506199496
230828199307057903
510722196605136423
131022200705123807
350100196607316662
620500199903249506
340802195303295000
430923197211032236
450503197409306278
341521196810202268
620524196812302348
610428199103109635
150422200702084878
371328196203316377
220281195209289777
410523195211264083
220600195502164205
421002196512073713
622927199912043239
350628198212071827
231100199612061235
330922199105303927
622901196411114118
340111197710211385
410202199811280124
54233119811216219X
440403198707121391
620121200504041674
150925199910319943
41102519601012478X
350625196503014613
450221200109034937
330682197109129787
230200196605292239
341525198104058507
130723195111068767
440982196304259373
360000196810225455
450421199706244348
230521195706091579
130622196306208750
530623199707017044
131023199403122658
360102198810251917
410703195905155602
360734198907248478
652901200004194282
533321195809135645
510131199406042309
350429200001044170
522626200504224355
632822196210094171
140110197211067696
621026196210144844
360827199910084458
360200195502283377
410300199711030550
150825195108275839
350211200704163622
371425197506245407
360921197307272444
421081200705301043
130727200203138100
140726195811085147
652827200410117926
421100198406269212
410505200709142754
610826197709298565
361181199803258898
410400197007197265
540126200702134806
41022320011015304X
520123198607318284
230303200707065006
370832200607171741
45033119811011844X
360123196901205142
350429197301136259
411329196003300679
469025200408303468
513323198801249798
51343019531211445X
510521196703016102
623000196912063801
330482197903272774
411600197407254419
410702198707126672
150902200711177306
410927197003315815
321084199607258125
513200199511208941
140700199204176762
320211197305186528
45020019570126949X
440825200707168229
451100195303312486
62060219571102090X
451025197501281706
42011719920303203X
220323196908165390
371626197708159467
621125200003201584
522228199903161916
512022199103066274
422823200608063312
440883196608316972
640122195203162831
420624197708158190
23060319800512627X
653222195105216752
420702197708117820
320982197007287308
371326197207067891
220502199607158480
513422199309307179
130681195203141712
340102197106029935
360900196011134871
15250220070607795X
220283196003229557
640402197705165944
370400200605058785
620102200610239431
640122199308064697
653123200105059413
140105195808146215
653000199208224463
610626198011263321
222406197209030863
621121197605177905
361181197312235123
33100319680104514X
411623195907228669
360822195808303298
441400197003103184
513424199306160493
36073520061225106X
22020219741130492X
610425196002282540
653223195212028796
230126196605199497
530113195608307320
63012319590613097X
350627195507263965
510122196308284160
530325196401282278
422802196901083477
371602199405160098
13052119930926360X
13060319570714108X
211122198807247654
520114198501113663
430381199001148812
120112199508195718
37061219990730468X
370828196706219508
321284197703091507
610925195912102388
653222199206265762
130983198311244041
411623195102223158
140824198504035496
410505199806064967
513437197508122981
820000197910188335
320921196704174926
231024200508204153
411527195402210383
110111196509301306
14082619731210669X
513338196610114714
350430199010162603
310117200403109548
450302195602225756
652901197804023479
441225195808273823
450109200207121903
430300198505139300
220103196809087685
420581200205059103
410811195606191414
632221195510151234
341821200310194631
340500200601267504
130523195206255126
422801198901291025
420923200612106913
210114198104220315
211021199112124175
37063420081111552X
340621200205313406
130133196406288710
410721197205106967
140602200710118226
34082620041228943X
370306195704151378
230602195404208002
441323198309088574
230225197709256963
650109196302064351
610928197907152514
360731200504053263
36050219540205682X
510122195811255442
542322199808314495
429004197808272759
440825198305220880
513229198203049705
513333197610081978
130129200112058375
140423196111301186
450222196011206080
450405197008148747
420115199509299965
33032719841231708X
530921196902032792
220502200609275854
140824199207109465
540123196901118587
450222198411244907
371202198108030012
370827196501253300
65432519880929642X
451422197911289324
530323198906228409
610528199610205029
350526195406284597
350622198103210519
140829195708120770
140211196508010356
110115198401071435
510704198305305455
130633196309130687
420981200510058440
620525197809038882
440305197508167664
210904196311017186
33078120081224705X
51130319950417773X
532624198910238399
51140019911227713X
37000019510916396X
530700195511298633
350500195205137407
140424196910206018
140106198510044064
411000198011174828
451300200107307182
430100198302022240
441800197201019479
510682200207062561
410104198303082124
460108196512245677
230123195208269865
654226197507149623
410202197503078435
152531197906266103
430581198603021620
211324198501250408
530624200610021460
370882197602281721
321311199708117303
441826195903228587
341722195811304613
340207198203240435
231226197105061150
632322195311194751
330702200203317846
440514196301179353
36020019690406290X
211200196406076696
210224198001214586
51162319780307889X
140902197602199067
620200197401134906
654202195911282661
140622200910198211
320124200905040670
410922195403204128
441802198601298873
130705196804248279
441202197510116635
610724195311214694
370306200007286799
340825197706177088
63272619771104461X
320113197009103967
532900200110044444
610924197411209307
530900200904284667
320923197404039033
42020019921015157X
21088219751127883X
654202200602286793
211004195808206764
411723200012276538
220221198912158821
431027197009150121
421221200402076066
511304197501018909
350981199611128117
611024195309190163
340406199706270256
540100197102097302
141024197608276887
230710197611240616
522424198503254612
230713197909231498
331121198406277159
130133199402167894
320700196404235018
411421199912293662
653201198709095615
320682195703239646
542221200011018975
440303197509157094
350681197411107295
150784199108293482
623021195911089505
230306200803039261
410800199204098478
370782195505118282
500223195311255569
410104195809252561
411121198203246408
36042819730705847X
331000197908240151
370284198709058022
542228199811211529
410323197507241153
350700198903028579
320802196907156723
320500196901124991
451424198507266822
150123200810044910
15040419860625888X
140108195511060671
37052219670717727X
37010419721112414X
410106196809282805
110116195906146095
360734198808178013
230231198503121117
320800196603174524
51102519550611113X
211421199401058831
341821200010185178
310101199202184422
310101198706096712
230500196403012813
430381197908070874
360681197409248541
320507198612218354
410704199504143293
331004200908061284
450222200211141006
341182200304120921
532502198404168697
141130198302249859
510181195410118762
440000197304031564
500238196212306833
511302199612231063
630000200408181356
420302197410017470
520122198807234097
410108197008217875
623024200405036446
520327200504044109
320321196605199842
513221195204076102
451223199105186579
230882197110156886
530302197809153189
640202199602221921
429021195411093725
220702198609256814
371502196001257142
522225199511198913
371103197605305861
441402198803165903
530724197412115539
150925196807305152
140727197703214322
621200198107303620
530829199701128703
330204195010279398
653224197010311337
653224195811119530
421381198609257421
450302197712247488
360429196306154701
410323197909300523
530321196002248827
340222195706206714
330482198710290591
120106198510293040
51092219930212389X
230903195808236256
63010319840128578X
542323200603272174
150822195308084122
510802195305126368
511123195909268118
511822197202299624
14108119560208353X
440114195902077655
620721197808137358
530924200902072266
41142420070729357X
610525195405264372
610200200607268996
141126195707260900
230109200808200083
230403198405252389
52260019850713030X
360124199305176920
150700197509285903
310115195002073306
542232198405081394
341600198609090850
