13500000000
13500000001
13500000002
13500000003
13500000004
13500000005
13500000006
13500000007
13500000008
13500000009
13500000010
13500000011
13500000012
13500000013
13500000014
13500000015
13500000016
13500000017
13500000018
13500000019
13500000020
13500000021
13500000022
13500000023
13500000024
13500000025
13500000026
13500000027
13500000028
13500000029
13500000030
13500000031
13500000032
13500000033
13500000034
13500000035
13500000036
13500000037
13500000038
13500000039
13500000040
13500000041
13500000042
13500000043
13500000044
13500000045
13500000046
13500000047
13500000048
13500000049
13500000050
13500000051
13500000052
13500000053
13500000054
13500000055
13500000056
13500000057
13500000058
13500000059
13500000060
13500000061
13500000062
13500000063
13500000064
13500000065
13500000066
13500000067
13500000068
13500000069
13500000070
13500000071
13500000072
13500000073
13500000074
13500000075
13500000076
13500000077
13500000078
13500000079
13500000080
13500000081
13500000082
13500000083
13500000084
13500000085
13500000086
13500000087
13500000088
13500000089
13500000090
13500000091
13500000092
13500000093
13500000094
13500000095
13500000096
13500000097
13500000098
13500000099
13500000100
