13600000000
13600000001
13600000002
13600000003
13600000004
13600000005
13600000006
13600000007
13600000008
13600000009
13600000010
13600000011
13600000012
13600000013
13600000014
13600000015
13600000016
13600000017
13600000018
13600000019
13600000020
13600000021
13600000022
13600000023
13600000024
13600000025
13600000026
13600000027
13600000028
13600000029
13600000030
13600000031
13600000032
13600000033
13600000034
13600000035
13600000036
13600000037
13600000038
13600000039
13600000040
13600000041
13600000042
13600000043
13600000044
13600000045
13600000046
13600000047
13600000048
13600000049
13600000050
13600000051
13600000052
13600000053
13600000054
13600000055
13600000056
13600000057
13600000058
13600000059
13600000060
13600000061
13600000062
13600000063
13600000064
13600000065
13600000066
13600000067
13600000068
13600000069
13600000070
13600000071
13600000072
13600000073
13600000074
13600000075
13600000076
13600000077
13600000078
13600000079
13600000080
13600000081
13600000082
13600000083
13600000084
13600000085
13600000086
13600000087
13600000088
13600000089
13600000090
13600000091
13600000092
13600000093
13600000094
13600000095
13600000096
13600000097
13600000098
13600000099
