469002199201226274
130822200511142316
231085197703051330
44532119991003832X
130200196209285367
14092319941209234X
320903199801262363
41142320060607673X
130124200307314947
640402199211016542
620924199307158758
610112195011079736
522225199707084774
650203200207152667
654323195410192497
320411195605319400
140226199202089880
533321200303036061
370800198106233528
230421196701030194
430524199010191357
513200200901064619
220421199412318273
510521200901149941
141030195310310518
530324197108058590
411623196501200476
340322199507239314
623024195008081645
360727196001228291
360829198910151460
532901196405292442
469024199408262326
140106200502250298
220623195111301721
33082219660710761X
510411197509278033
510503195904178928
510129195409278544
320116197501313578
371702200703239133
421124198210091273
350213197605207704
450126199001106442
620105196203134704
330602198604092064
141124198010068063
321081195806202282
410822195001196895
53290119811006023X
532929196611179068
370124197609122318
130428197205033914
430412199604070076
330881195612230570
371321195301101522
410224199402217405
450223200507108068
360104198103023344
150921199811216302
451029195008192220
361130195310291085
371327195104296234
320925199404103519
330212199103252598
140525196502252965
360733196810093013
520114195203251466
44020319740129880X
431127199804153908
421022199808207898
131123196707193190
150785198011152933
370724198412051787
321112198606183570
450405196303133789
350902195902020268
340802195702235152
230300196011199753
520201195107186194
310109198611285490
130631197209165083
340721198005153474
140925200712134693
441426199802099145
45080420011107722X
533325200606024346
510106196004080978
441802197010230258
441402199911175740
211122199411109516
420602199203275595
350627195010245681
350521200104028151
150124200606283072
210711200105096532
441303196203085338
650106198005043554
350823198705274373
330803199205167454
231002196804124847
610400195408127119
510502196302137895
330103200911270296
510322198701274460
632223197409200566
371625198310035016
622925199102281056
230711199908203205
310120197502061539
520321200104304436
659002200503232590
520111199901262575
532801195001214755
130633199701153713
140726199805195620
350923197902282824
652222195903014652
371502195112069211
360724200202097259
431021195707257818
43090019860731167X
430382195803025249
430426198809206786
360828199608101583
53293019650325453X
410205197501256153
140924198909299997
65270019660623074X
451226197012286685
130404199610017115
440515195010056400
321111199805312118
51192219650930808X
500118195008060041
430802200502128729
360900197708054139
410883198008192455
621027197408121374
350823200210080120
360800198604293898
41052219630429647X
320721198908227223
230621196301252768
340811200202209126
130629195307069297
33100219641106981X
150823195001200535
350527198902175541
331123195007300306
370481196902086167
350122197606210041
511500197404136044
410422197306078045
231281199505056207
411625199508216338
430426200610126922
450331195403085852
652929198206303041
150104198301184107
341222197911300822
36011120080201802X
430181196207082180
130430195706230783
430624197510303075
130225196402065902
220322199708020194
350427198610315236
431023197204080127
370786196203174836
441302196006145737
513433196807044610
220122197609214612
430703196202151427
350128198510217428
131126197110132292
320000196504111225
220681199403215480
360323198901223631
371625196007311728
61062619780819164X
500113195201252537
610430198601229071
150928196407224766
441424200610244814
410506195211010618
530502199006231796
510821196706017908
610430197202200672
450902198304100142
331124196309061858
341225196508296530
320321196804091666
430203199805146324
652300196312160115
410221198101075788
340825200506226740
430529197503101666
621223195011291291
611025195711305834
411002197603126297
510682200501120355
320581195712210544
430621198210111448
450521196402245255
430221198810147055
51011419761207690X
522427199907267958
522622195812163663
632525199003100192
430903200908310004
451323197003230627
632300198906150518
350602196611083830
220882198006108799
150783196707260199
230804198307047099
420606197601192716
330203197811292026
421181200712155190
341221199407160739
330727195403252091
330400196107150937
530802200309260537
450423200005138276
610113197602268008
220500198201133518
610700200201092756
350125200611101409
230110195003183273
410200195101118690
654025200506014548
130625195809262649
131002199309272121
141102197010285698
230123198808174951
621100199211181618
610425195003138765
652325200802280992
522426198109147141
211011196309305985
450328200309226175
141102200610070548
140827195406172505
410481196503260546
632523197612126935
330682198811309635
410621196207268441
330802200304240628
210882196305261645
130622200705146832
522423198811067353
320830197602213483
44022219520907980X
610400196703100984
361028197712035617
230321198805091868
320602199406144241
530722195402042039
210682196106185191
14062320050430963X
360602197310182938
429005196906207928
330327199708224741
23100219680331821X
610222200805271393
220681198506159122
441624200803263553
350781196004146132
350100195807114673
513331196408271957
410882196204019793
52242519931001105X
13080019650725043X
150782200205219797
320103199303283715
360403199306065469
22050219830313344X
542521195305048398
340323196305187571
330282198108102139
652722198309247681
230421195907217945
51323219610614681X
653101198911195737
450405195201154066
361030200608269751
530502197902190735
411081200308179708
360802197107100563
530113200701249819
451028196903057242
210682197206186014
430611200708126951
42070219600812497X
511025195112092909
450108197305226599
440205197608057811
150781197610259919
530925196110248785
220103195010161149
653100198011266185
141024196207054816
440105197402222812
500103198805186113
450123200508095021
330226195310164013
441224195406251430
441303195907313226
513329199812245007
622926200807035965
610828198611206586
522324197102274030
140525196705185520
141127197912123193
370800198704289636
410581199505219271
140900196501040113
431028200407149178
451122200912259993
632127199712237408
230715197612168902
530623200306045496
422802199106034696
320105196105027226
652325200704208225
44130019771030908X
513226200803154956
500232199907213786
350781197711092107
320700198511283903
640424198008176958
62082619500826463X
410900199006010952
620921199001175804
654325197304237016
411402196711016359
330523196009290389
522229200708112328
340721195904115902
411481200510187375
460107198611156920
422802198702011242
451121196206153002
450222195506293548
451421197402178208
410223196903123415
210881197911218418
120105200307067850
513330195612181931
130729196902225039
130823198109040756
451225196106063756
340800197711302173
431127198601144660
469022196111118407
451222197202114678
533300199708021020
511921198803178012
320602199411255034
320925199804108693
341324197806271255
510108197603121724
41061119630516327X
61042319581021846X
513222195607158459
430922197602123307
320281197506026490
350505195405290985
522300198007131203
130921195105080493
420115196509285164
110104197501190956
370281200807154350
522322198410287804
11010119731221290X
430211195803064474
230600197912153593
230826198607191736
371322198109057605
130123200304306662
431224195712298980
321023200408139118
310114199605304355
140424198307308027
331126197710091399
410202198912154800
350500197211290386
469007200808309591
340824197809298484
371423196006055845
340825196105256798
230200196507266045
350213199411306244
140581195010219487
513437197909248390
469003198606029190
610925196301157958
230203198201291190
632802197505110625
654025197909031778
15062620040715469X
654225197811037144
210804197009102274
130426195808222843
230716195311220866
220502195403212811
331023195304173491
513334199109201345
360722199409073344
513221200407175454
469026198005261378
440184196909304375
65312919611016548X
520330198005263874
450902195307279279
522401195103029768
130721198209235210
370983198110312823
370702200710122194
451022196509260738
410622196702062439
341423195312053231
62102519580301725X
140300200709141841
330782197301302266
530524200804101770
140924196602107621
361181200712201234
51333819900515907X
421081195105214778
410922198912098427
533123197406034154
45022419760729148X
360981198303282443
431000198309135067
150105200812116655
130733195209279645
630103199609298621
61102119550131813X
420684195102036110
341122195111124336
140427198701180390
450421197701064015
610702200502077632
371723199906092174
150500199905129580
360802197004246826
340321199809261158
410303197502272019
411723200010094984
130631197908115990
360426195706084438
522422199905155838
420104198511240256
61072520040722300X
33102419550131128X
310112198805031366
230707195210267327
330502199012052420
610925199303212678
530102199904254744
340404199804059208
632625200103015498
433100198610190759
610727195208118871
431122200505219341
450423195406278364
220282199404292116
410403196303297126
522227199103196807
441881200104133897
441624195811267323
532531196412212638
522226197407297724
371727200602082744
130230195708048036
511821200604290604
210300197802134009
620402197510229262
350700200401271800
610102198107314527
360734200304019369
150926196805167995
410503199606047270
430525195902217629
320321198002021606
220600200502289087
440804200305189201
511321196509057728
130131198309147082
63222119741222462X
620824195111123525
43060219841222680X
150923199101270382
530122197608293454
231202198012157472
341182198308266741
610623196610127307
150824196105058765
320000195002088948
451225196812199116
522728197212304656
371322196103041590
36032319800513186X
370705200903309923
513323200806233314
522729199505053112
320300195010221653
130433199109269863
360425195703134528
430503196601220548
210212200704266037
530822200906056820
420527198107170854
532901199407234442
130324198902151186
411729196810160141
220323196810054422
370902200209170257
320116198710253043
610331197106195325
32038119680913481X
37021219860621297X
320981198802206421
620982197110163945
410802200304158368
34032219561122187X
131022196303252033
440183195706295826
610403196701058531
210600198603281816
511723196005013208
211223195405039471
510106196901294263
510725197206308367
13118219630829906X
441721197511302532
511623195101079581
610104200011276848
410503197210141042
450721198803145896
420802195709032841
45032419950626943X
431102197209222757
410325196501094015
522425195405288635
511113198111140124
431000198907071104
230000200903139038
522730199206148627
23012719970101478X
130827199804288251
340502197304148144
431223199205120186
431281199608262238
512021196411179940
440785197812062262
230184198511083285
440804198608112658
360681199905035093
640522198812298553
341204199709256641
340827195401101772
513224199005276213
140830195909041206
460200199601194005
370829198308292692
13012919710713747X
511725197009082793
230129197704119839
141022197010112201
530302195706079714
320705195809273212
520203196309072109
34020319820417522X
350400199504107729
230129199012134228
220302199101256111
350211198407119342
510683197905065059
140105198104265586
130982198706119572
533124198502030779
320482199010106258
640122197203022897
34100219510403434X
330803195504154882
350723200110224304
140303198202288296
430482199805273717
522600200008316994
410103200201033720
341122198709122419
510105195807177967
140121195804303869
500231199006105896
152202195812130128
653024198101312590
430423197410121998
360921197709143995
130123198409263064
350622200201195121
611021195609296833
510112200002139178
500242195304249215
210111198009096580
41038119660214588X
659004198205308393
460107197811183224
530425200110093404
610116200105109421
610822197203096848
422827195706161698
440511195505073485
35012820010920492X
320500199810164852
220882197206144204
430503195508078079
530826200505195112
451402198506149650
15012519690517448X
140822198308087640
640202195203124819
520102195904167560
130532196709295745
32011620050101517X
511621196408038997
469032199407120668
411723200504301031
511525196103025650
650106200109122599
500240197501045584
530926198911012188
61102319660831358X
640105196101263162
341721199012148388
220203198412160930
440802199607233812
130185200704028736
640205200303171199
131026200204151506
411326196304272342
410782198901146652
140109195109051108
65300119671108718X
653127199001155099
231084199201063852
420111196012311210
130523196906242312
37040019560623234X
130528198205275518
141181199006146809
530702199611297233
370200196409255829
44022919750603664X
450922199412057321
451423199803076079
530822199911163588
532532195606100978
420626200703295820
320925197003016298
330104199103314669
510703196805042342
350900198608053481
610126198712214373
500104195412142278
130223200209026238
610802197902125817
421122197609114265
411300200403049256
360735199207293631
110114200008191389
35021319890924383X
430600198506303893
652827200805184816
620725199312230991
621200198403239774
370911195007308054
210104195611197918
522631197304187285
230224200511263322
420281199411061384
360600196106136179
440232199008140476
350902196401107423
340502196312297727
341003200610178063
430000196208075886
32108420020405094X
410721199912129825
500103196201256302
130723196208252418
360423200401047024
429021199902238579
653024200404245655
330226195706139826
440404196105060744
360423196505091557
150781199202164063
211302195902283882
230111196612075826
620902199403263453
22240119830202863X
341226198911305367
360600199112101398
430811196205118150
230624196612296169
360321200108158296
511522198205277410
451226198406197612
654226197003017459
13092620080131771X
37162320070110184X
320211197609108350
370826197102056287
440200200603145065
320116195506203432
14103219971023990X
654300196907216642
411025196312011836
210123198502171287
431222198607293070
522200199102176345
450322199503258599
500224195001096749
652926196707227819
420607196406191031
130434197610126898
110104195405153232
220000200603011858
451423200405070523
610825196405246028
652923197002177124
140581195103271735
131102199501158180
610124198503115448
141124200802296283
211382196909106826
610202197107294889
320700197910146012
610502200701303179
410221200106125983
370785199309231621
620523196501170353
421281199612226254
36072319560707336X
330105196211068218
150200197706282894
34182119730316662X
654021196105276948
522428197106201374
511011196501235551
520321197409227174
361100196011108806
21028219730123211X
654201195103053522
370102195908197478
620422200303270780
140726195809091118
620921196209068799
530921199008091054
500243195006163137
140107195411300694
150823199806186142
230307197003091389
513435198806296279
440902195207073757
341802198706107208
510682199910098659
510107200804138168
411723199107153113
410322197405273553
141028196509202701
530902198402100066
43122319870611971X
150400196401089109
320925195112306332
44022420050708411X
320585197611174219
420506199110124958
621100195102179385
331122195411284831
371326197705244539
511521199011137792
450305198203196225
621227199904224938
500103196002241482
210103198708013748
211300199103048400
230704200603012960
140221199407125249
220524197104275633
430302200301269667
13092219580904661X
610429195010118717
440513198509050631
654323198507092808
210503195902230875
330304197709097066
341502199404209290
620821196310296280
211481200810044491
653121199201079395
220302195909264327
431228196907174048
652300196704021755
140224198505254890
220724200106059438
621000198810013579
431300197101238974
421123196304055403
150622200506124175
513435200406255662
610902195802216910
540123197812286188
532801200305190688
421081197807314385
50011519661230065X
220605198209308930
420300199209172061
652826197803237047
130930200711088372
440203200702054539
450331197308170214
420104196707212215
320211195202119198
652829199801158140
410724196701072887
140928198105308320
532627198306218008
210381195908055738
440229196412225752
410711198405236637
340200196710112127
120221198704109706
610528198603165853
130827197201220072
340405196311120720
522630200909140576
410611197203226289
44180019590630377X
431300199012102580
433124198011033517
140725199307111141
610630198302183959
522327200506302249
43012219911224104X
320000195009211347
370827199511039272
431222195402067535
140922197201127789
410223197809258895
320304195704182869
371727198709243667
520221200801249369
150400195211087239
210921197604193491
370105200211200297
610423197309194854
130181196611160258
44098219600106187X
522325196703168534
522201198607081458
211282197712040826
14108219860918144X
230904197804063859
360202196908090898
450602198005052439
230303196108233371
654023196812049720
130131198511149137
211322195709234523
45092419550601233X
230127197209073957
511523198002284895
150121199010302397
341103200012072811
430721195311196534
211322195906257927
150426198203257960
621024195604046035
150400196508293337
320404195703174926
610925200904126180
511900196506173417
140930200603264609
211000196105149467
370305195106254936
61032819820705638X
15040320090413116X
371622195003202344
130930196905123624
37082919630607115X
150428197807193871
451400195404010635
511000198412286234
610426198711073800
410922198309093939
320703198404066718
220104197908200250
62072519881023363X
150424198102112321
441602198904013299
341023198003121853
230708199704041883
410782196108057049
13112719811117716X
150207197005261120
652823195009178926
130724198006185566
130927196008051669
440608197408028312
110107199207185601
341003196703048189
120115195110018085
420111196512253758
440804195605042996
62122319950206514X
450404196609016474
421303195807319379
530300196911040861
211282200608116741
522628196005319644
211302200311109368
640181195506076922
330800197209050642
341300195905297653
210700199804151073
340825199801117752
511800200706295543
654200198211306264
36010519660114498X
620923196807017548
350600197701253225
63282319560406986X
430502195509124309
430781197411182557
430225195208283873
530524200011068333
522636198601050505
610431200805077555
411702197002131056
620104196207297563
411625196509220845
350304199301095625
220600196310273284
130204199403285490
370500198007168189
120114197508093774
611021197204128953
130634197907298958
130205199003281024
429006196005115379
230600199006300028
441602200002201661
371623197010023833
430223197111264736
511424196601257778
653123200104240456
510182200105124058
653201195210010359
410611200404280745
410322196901085012
350429200712111958
210402198311151181
620721195605121058
150782195010206052
36102419631218412X
230208195610014635
420602198008290138
211081195606128414
610524195006309346
210904200309175600
532901197912039112
513433199601208273
371002200504278238
522327196306013718
441700195109012173
420281195903148226
420821199208034213
430104197606019455
220681197901233412
654027197504029963
341321200202214001
35092619740524085X
130529195004158908
620122199309142008
520111198805210391
510105197108319224
130524197008156261
640323198706158747
33092219770625835X
019961014623 
141029200312032978
500234195706018268
420381200005288779
441224198906234913
450321200808063601
632522197012048279
330921198301270236
330424198605213814
431228196908123226
513300199703253507
460000198602080426
330803199908127133
36072820080525110X
230202200306303235
231283196611103483
320583195304063322
341502197208074430
370104198112084810
431122197510138576
210703196902221413
230125197804066185
622926199208057112
420102200210117796
320105195310297175
422826197007215477
330204200702278429
230781195905018902
420902196212020861
622901200908161226
13028320000525469X
450500196708198912
370725196005184723
350304197506291997
14050019651230715X
350581196711270414
513428196802020758
532624197008215665
430527200707173460
370902196106011182
310105200202208851
621221196808042913
540122200701182413
41092320050721120X
350782200411141342
440825196205087112
211404197802250618
431321196003208453
411729197103302045
451122197709021897
640200198712148609
152529200203166395
350503199504297328
230707199304214259
430723196105135076
130123199306011379
42058119861209204X
62060219900212793X
610222195112200599
653224200112177735
51333320001205523X
230108196910286658
532930197903186075
533124196204192260
450204198805159411
510421196107121381
522625199310257130
623026200308286884
500237196910052328
330324200502279284
43123019990930282X
510421199409050578
460105196306241828
44182119760111440X
421000196610195797
420921196004107072
652722198003213147
360121199112051794
410505196502161721
532932199403154917
45120020070913245X
431230196303237353
340202198208087407
32131119580609010X
13053019910217231X
533102197207205414
320506196803060670
450200199412139929
360732195803072539
320924199603014897
210500200006010529
231121198611308256
320211197707264795
230803200508282494
361000195104301955
429005198303318847
341722197708220218
341225196208298489
513432199903028941
33010320060722333X
33020619871213718X
130726198308096537
450404197706148174
210702200108024984
410327197505160769
431230196003023943
610528196406177733
130929199605257135
320114199802046115
210000199909252817
450304199606107934
530926200612078152
330784196806055457
410724199102185824
451022197011235767
500238200010220731
532930198012312597
411324196809232351
15082219880105043X
610324195610084066
532329199812049009
131023199211092247
640205196104305394
520322199710271858
150600196009273164
350921200008284341
532929198610070852
450203199804047790
360000199204247965
632100197704046880
513433195911142128
533124195202062695
341721197504061749
410422197303164829
130434199201030739
530521200505074451
231025196804064957
411024195309056880
52022119970411984X
150206195311172438
420682198604278081
370883195502071759
430211198806030097
530923196807273013
440307197604286105
211481199211068226
42058219630129969X
610728200105071871
220700197502271638
419001196503029154
130323199803170590
150928198812131474
411025196903181546
652927197903082486
511722196708282934
411624196304219422
411400200708101858
620982200103165613
410527197706141450
513330198202104283
450400197806071498
131002198709301425
410502200203010966
654202195602290780
511025199211228670
361028195705224680
230502199507192421
230305195206225373
350423197709102556
430421198608178334
410721200808027939
510421196911116700
370214196708049089
360700197706057490
130302195805160484
431027200412312463
533422196909241898
511112199808237637
420602199812303926
230406197407095991
61063120031019876X
421003196609250348
440229198305259681
321088200706301118
420103200310028957
22088119580224656X
331003199502139270
45080019620922334X
150202199203029573
511133200501272179
54012419870724573X
441223197910109348
350426196601227212
441283195606305579
331000200811203041
511827197807023956
441827200807216762
620502198612200006
653226196712019638
141121195801155961
640121196507170855
430981197211186204
220000200906191059
460107200805079628
511324195910291910
140221200304232186
440705200702287199
330283199803098646
350104197709083679
430922197111057974
430103199405211590
210283197007133360
321003198702190349
532529197801252409
330200195804073564
130683199712219945
130302197007210175
320800199908268269
620422199306129314
411221200302282055
341122199403073962
330922195408069519
65020219940522464X
632123195002182154
500110199510091182
140882197309041515
360983195908010175
610726197402049227
420325195805223346
532924198909190881
330212200808199585
321324198607304182
350205195507098939
440513196910206816
341024197712063141
621226195601152602
350505200501235154
350781197106029572
370983196912161116
330624196909306464
230225198510308871
150784195309095257
13043519791013655X
630103199109033395
431122198606163412
46020020020314784X
430382200302062985
421303198010182057
150624197902118250
500106197508170996
370783196204119565
530000200801136961
430204197102025881
530400196506212389
511621197202256328
530426199107054851
421022198403073727
210881198002142537
130724199209181885
530524199010156870
61063219990621918X
650000195807058865
231081196705279064
230716199810248191
621224199901062938
430800197202103039
430900200704207153
140702196202286967
220221197909168653
13023020050105597X
450311196110045274
410726200809269640
640521200303087436
411502197803151291
371325197611018059
421124197803108531
520328197605241787
451322199301301684
450512195510123609
130324195105270381
610115199405016815
440700196008047194
540125199312063545
371721197906082038
13102220000806619X
371422199205166991
410222196808126726
130721196301149877
65312419911223644X
150123199801108016
511025199206201449
513326198404205598
445281199607095832
330400196206124734
370213197201095762
500240196006259273
430200198708143697
532923196901084798
632121199306051626
211381195509264779
451323195106241557
141128195510073637
451423200109046836
51130019780203929X
430802195905080068
620522195203049933
620902196203047971
371311199710050629
511822200602134743
370205199906250530
512022195607138595
220882199902080936
130300200812108992
533103198908040107
320829196508229606
350783200308255719
431382198102264997
620922197110105642
430481196609292793
130632198808229764
450203199009071863
340603195607220927
130723197512254324
13012119510707013X
220523198503035571
330682200901058788
620000197206242054
611025197202167292
222402200312177002
430527200204272264
511304199202119805
37078319651031203X
110106196002082852
130107197711046699
14112119940603149X
411725200809304965
15052119771205911X
140223196210315734
42050019620220059X
130128195104219810
610500200811018173
140481196504304111
341723199102173619
64038119700202941X
451031199104108893
532502195409048199
441423196612311309
330000198112105505
140624196609123388
220723199210183875
620723200401058209
232721198609079478
653200197809175486
52012320000128776X
230826195902179162
511600195212241372
532323199007213795
341502196812273642
513330200003221313
420804199403148615
211481198305066286
460000195304241419
441424200011101299
43061119661018445X
210181198809204374
450327198710019520
211122197509190384
330226198509048216
370102200104241860
450481199907015265
510182198101204827
510108197912015917
140109198302088168
522623197305019259
350128198910254439
33050219800806044X
130532197003215568
130632198908131932
130434196912180289
532925195906084904
532923195312137789
330682199311200144
210203199701261423
441602195710091199
460105197102270365
610113199005061067
411624195112061291
511902197608048999
33118119780930386X
370406199806129511
310000197904036693
140107195006016542
411423197904187804
433126199504302073
341023198202066105
350211198403315717
53072120030610628X
450703196603117709
620122200505289520
370832196102208677
230205198304076410
511702199904090743
220681200505088924
653124196101262251
41132119610601720X
220202200702266470
433127198809076945
330824198606279286
320600200809289413
42122119751204321X
500234197302061621
511529200210212958
41052720050820665X
640300195806197999
441821195010206506
469025197409011630
230204195103084182
340406196705074305
371482196501018734
140600199008286619
500113200706304527
430527196405311988
210921196303312448
652700196706164313
230128197310218379
511011198706248611
130983197511281328
510100197508198212
640500196907305149
320830198408031373
510725196502241756
410204197208022626
542527195904299955
421223195806086307
63252519630930774X
445302200208262117
433123197712222811
210311198609028988
320504196809189683
210411197105265956
420200195703301208
340881195805137139
411621200810121663
51031119601130621X
420111195504119757
152530200802270659
411723199409056167
341800195209211905
653024195505038862
610100197307059455
341400199004230607
511324195509059357
410103196703259835
610727195212022290
210881196807077681
620823196404150437
370832198911045555
520203195601122965
441881197512010189
532322195807166304
610124197207204388
152502199802051199
410205196403311118
370983199607214035
211302196306309630
511824199808066712
341200200108132467
140922196902257522
630102200012258642
610730198205184250
360105198904308936
360722196409221980
511600200208043481
231282198410066340
532927196309278441
310115197007223261
421121197309019956
469006196508178280
411302196102127509
150727197103019744
320100199806102614
469022195004136883
445222196503028180
450127197008184037
361026199703181483
430111195804140111
659000200112082748
420106198203046729
330104198911020381
350527200202180227
620422200705033702
410421198807212060
320705196109287378
610822196510036701
421281198201229819
632724198708078167
360724195806195868
510500197812048595
610924198903212830
611021200708180733
530421200101168165
371329197508088003
320405198809046252
230706195311249551
530328196704294566
63272520060624794X
451228196304194481
430626195504301747
210882200605047498
440802195309137568
620702199601090193
511500195605064420
150929200306024517
440600195002167865
653127196407218391
230606195101171770
410581196404043760
140423195212178848
230227198605157917
350427198501068694
431225196804122545
340100197106166814
511322197903024781
440783195712043521
610926196711142894
411302196905037275
371482200410057622
320103197410207583
232721195306258176
512022200806174103
654022195105201905
530427198404158018
150981197105060803
530802199101300768
533103200802118519
140624199806243235
321112195204234933
500115198412022789
230123199403192208
440823197107237799
445322200910076707
331000199306273879
522224198205227092
451000197003173975
653225199905181604
320502200703029557
32010219641008974X
361126199010253099
150923196402150882
532326195812093408
420222199912164787
361122198011018488
610824199208048089
321002198708020985
130426196601294799
130705195603205454
622927199103183178
411081200504065476
610402200008233816
451422200807090774
320405197003193515
51050019680527723X
140624195912093287
411000197608016051
370682195803010573
310108199903306888
130638197112160467
130229199505054148
650121196111306279
53282219521220732X
620622195210221741
320502198106168110
350681195611155321
621023197112135966
65322419971013748X
53042419801029507X
440705196304118489
540121195201102413
360926199211040826
513229200008025572
330781200712266923
510800196602240492
532326198906010005
231084196612230359
21020319630509966X
630100197703025998
320504197110252751
320922198607152595
50022619580918439X
440306195606213000
320305196205091584
11010419980305318X
230103195105047121
340825199210252450
420802199009030827
140106198308230859
150206199611087217
310120196312076110
522722199001189740
140225199305136639
340504197512112851
610831196303197998
532922195205191361
522631199004094414
150424198511306258
522327198909043106
420205195306192724
210804200801065336
520328198010189347
360313197812210233
520111198812191344
450105198710043994
150526195802238210
210103198407211388
520328197910181637
610327196404278576
350782199101189169
360481199408065637
140224200207036887
610631199110155401
150404198805159737
450923200503279108
610629197907154982
110000198008180766
152202199108065818
610924196102055979
150923197604260902
131025196401069098
321002199105119841
150581195009117573
141124199504244500
361021199608257492
230713197211165513
620423200202057995
370600199104060276
610829196406270463
441624195412281822
410782200101164721
500103196507114382
652200198201278085
350603200409192588
610923200407182576
330521198007065539
511522196601022904
450305196611178203
441500197801077203
210803199306267895
370213199810037866
431123200403273001
211402195111222376
450721198305278717
520321196009128332
410184196304014855
620500198303011452
441702200311178317
500116198412026073
430102197901013838
511526195411239441
620722198703207154
542527200601182024
440881198302213088
210781196605176344
150726195703243373
520102200411057631
420982196202258130
522628196810216701
43112619900409400X
430623200503041562
340200198107120543
650204200711192605
511112195609214995
140927197408049732
360123198410037876
420582196904189756
45090219810816822X
231005196007231809
420302195503294865
370786195501136729
420106199702288479
210921197502096375
530300197509139753
469028197207237948
130983197607269745
210281198612150531
350721195001275958
33020619960218959X
451028195109158076
130733197602076827
340603197606101191
610500200904236209
511102195210087696
220800196505071798
411421200004025756
620302198212282478
44011519580214807X
54012119650806628X
61012519840113656X
511821197110041478
32032419610410228X
310120199310276569
450981196710016399
469028196812115514
371102199408151157
210900196601019571
513224195301265772
320321195204240299
211003195012253251
130423200805202761
131028196509020594
350427199406096640
350625197011158367
450221199302251081
410611197902230391
440515197806226427
530524200806300511
150105198403089174
610402197709060239
513323197501170821
652827198503017393
350203199209146942
632624195304144480
652827200804029988
370306199205204859
320300196307130394
330102198906041935
540123197304272484
430900197206178404
511000197306267676
330304198912180070
510303199106172000
441303196007159379
450722197206182367
371625198302130590
231181196710016360
370785199403019221
320581199712312063
350924200811139732
131181200704120925
350783195709194503
230706195108240519
331022196908164615
632724199803234353
611024199504284112
41022519540401575X
140822197008131000
410200195110299833
62082219600930222X
510503195507185120
220681200408068972
640121197406088582
230505198201112948
150726199206070158
371524195206030199
320829200605066107
51010819910918741X
350425200512210972
210505199812124682
500234198011053466
370983196008259879
469005200011270201
520200198612115351
522725195711247184
230622198905036949
510700200305240895
140428195103315833
650205197204101897
310000196209183523
330300196304191687
530000200712220758
65010319570218902X
370406200111189361
620802195301295100
422828200910267836
513323199610053252
431300199906042652
450123196012041370
150222198903137963
14112419650919625X
441202196209220869
210502197401301244
520303197107113005
441700200006133419
320826196401234334
130681196511026008
520201197710260597
370202196707025258
230606196011295379
340802196610011770
43052819651125213X
530129199502179569
130404198410063673
350200195103278181
410122195512072909
654028198205224401
440608197304059448
430522198112148635
620923199311063093
632726197009054797
51081219620206697X
620402196010120223
440781199812264431
451030198210227617
522722196001244718
532626195710097041
321000198304060267
611026198202270493
445323199807292584
41080219581004911X
451027197005165661
532800199906010388
450603195908253787
31010819500807316X
411723197805140740
610632196811046358
441203195810176098
420602199112208493
411302200904092001
530802200204149656
130702199502227143
320802200902212457
230803198310226139
533300199209101018
511822196907189252
320903196511125981
340604196301116052
632122198904101461
64020219960106192X
62052219950120862X
620823196608260873
500118199805088387
510824197804274290
370285200705076617
310105200808070543
620800196102172804
511523197707275441
360902199709024881
440781198511070903
430500200806107290
130727198704147988
530523198610075707
411322198104276713
640205200409286672
330825195009218875
321323199704052456
340111200208048724
360200198704164783
510321197805182041
44051219560204704X
220102198104105655
511321195604091807
652823195401249290
533400195208273018
632522199705213432
430528196609255726
130926197003129373
430503195811094717
150625199107222361
542526197601160879
140822200611120474
371422199703144955
150702196408186971
130628200804163775
13042119650630765X
360400200204239217
320924196207015106
450423196609293788
321182196701305388
440100198001175384
140212200812100140
410305199909241718
140931196602074683
231222196305061446
522223199405054649
513229198206034904
654021200407266082
530102198505222468
45142419930821459X
130125198608100949
140421197008122253
650102200312240181
530126200311191019
511502197312185693
620724198503138812
440781195307025116
130921199008299299
610629199410013219
51082319650127767X
51342819540517146X
150205195403307639
640425197503206693
330482195912274983
511781195302099764
610522199402282777
440308198501019515
210100198608254860
450512200101310677
131181197803274992
230600199804225296
15092419670913084X
450721196802136112
511133195209304643
130121198805083935
410102199309149117
320900197407100616
654322198312229089
320204196602198287
440222199009061611
361100200603106504
511304197307262633
150929196905272740
340802195004062442
500228197905241480
51040319521109163X
370502199702080557
420527199212187839
341022196412086010
430407199912283611
230882199802231268
420802196507058685
451121195909300932
530427198102282283
500235198202243912
130926198204094597
341422195804052757
431225197702149960
210123196904303730
522700198806140044
150781197304185181
652223196303155006
410602197206212572
140827197607036576
652723199509050593
622923195612144720
330381196211214024
141000199102079542
441721196208104416
330302196002273532
150924200311194033
120113198601284493
513231195012128660
42058319841007177X
210102197001137236
131002197612245928
659002197805118238
54252319620703343X
440113200508147018
141027195012030835
320621196812184914
130224197311299605
430903196205244849
520382196403030379
331021196401199660
500116198609290396
130824195306280292
610428199701245493
654322200403183194
411502198909209855
610726195607068852
440308197003306795
350103198812228360
513335199306057406
360521196112078872
632122197301184259
445300195906275939
33012219581022427X
451027195402062288
420802195411139937
350125198601246399
420607198011255503
532628198809016519
130827197602085692
361127200410036992
141031198103246154
140921197610136452
110114195507268017
620621199411032439
522624198801205588
340824196004305902
231081200712034443
632321200511091834
150783200311124931
320803196509187715
330482195806269240
150823196610272723
131127197401301101
150425199607160653
350524197911281334
65040019970808438X
350500199301035134
530829195011158691
320681197508233882
65312220020323950X
341822199704264074
130434197205195371
320300196810013478
410325200012072906
410425199510183131
430103197104271929
441882196701176200
330303200309140406
140300197612129235
411524198211032769
450105198903299734
620823195605199320
340822198707118050
530129197803105919
430724200709112962
131102195411184395
230503196501223795
440902200905069396
320981198701279605
532502195704279002
500112197012295346
420626200207266422
513437198409307838
530925200107122857
450203200508132574
371482198102103826
130421197310316049
150922198009170708
341721199307024104
450000196304218158
371102197906033402
520302195612306435
410104199505301035
513432197611043681
411329199303295246
330624195207248664
230716197312051979
320282199711194472
340200195206285024
350525197709101041
632200196601160948
43120020060512067X
130428200603148797
61072519620207147X
632321195710283501
150105198105185459
51332220020212337X
120000200301088776
32041119961210617X
370203199202244797
510922199612316355
610327196304104739
310118198109030798
430524199511216874
430528198501274801
220722195602282229
520111199412208471
230833200402151873
61050219540228922X
370634199801217105
140902197003217497
230229196711195363
441702197704041448
230524200608142814
130404198505105557
331021196003300823
321088199501137953
350702198812131768
330100199902189731
610502195805077459
150203197003015158
53292719910713657X
14092819811112646X
330226197306269516
211282200905299361
140200200808027993
130528196012150234
341203196308232665
522726195301042115
110102196811143189
441581195310161549
130525196806040687
621100196702121069
140981199702289785
620824198601294144
640302199806243319
140226200705077422
152200199505116583
360926199609146882
440982196406232040
341824200006273983
310114199210171084
140423195011057687
65282719860315634X
61032819670428128X
411723199502127951
653128197202025722
532625198612276684
654223198508145857
610928197805069883
420583200211233457
440705198803014739
222402199106141193
361122196008074391
341700200107081511
530321199703123051
220422198011291278
522702197801275482
422827195604308249
370724197410318770
330109200103036790
441500197104239211
320503198406220263
621024198904245734
42050219850901614X
410302200703286247
450332195208102238
420300200001309896
331127196805266712
130300197403121948
130435198112271807
65313119970930105X
370705200305057316
370682199608227249
131125197109200511
411121196003122153
210505199801239054
330400195909159103
440700200802082500
650103196805123976
621121195805200090
640400198909089885
410304197012220706
640181200512309263
130431198507189917
310110196307068957
510504197311184359
420105199004145183
330122198007269384
150523199003308250
632726195010202778
632801195307267116
130283200211206613
361125198202226019
420921196802077592
371203200509059859
451102198210212319
330802195312278921
530702198207029590
360481198109024718
620104200503214901
510132196209293785
231282197111107064
65230219651107196X
150923198812282975
621121199505134202
140726200109249520
230200199001078593
513326200412291895
621225198001226329
150924200702114387
141130200508010739
130731195105042149
32058119720604049X
51040219640327448X
511132200909128406
640424196705249041
440882198102132175
640422196103261008
230706199806307977
141024199304057668
23032119551021664X
341602197511059845
52032619680804396X
130100196206211842
420625198512156354
430424199403319475
440282196112217939
522324198412263315
361026196804299217
150823198107134533
632523198307236331
350213197906085544
341602198609048751
15042419610730282X
371103197801123504
130402197201186784
411481197908084195
411102198903032727
451228198709238306
320804195208178673
35052620020310975X
620702199912094378
370302200806105266
632127199610219815
511621199002067353
500233196510270590
511826198510091681
210103199210318581
231225195406286454
140212200812112969
430626195612182263
500111197907135806
330329200106307767
430111197606274281
411623200607031980
532526195110225702
141122197909055191
371581196304180897
540000197602226056
410303200603053135
140227200604151474
440115198801017792
150304196010272811
42062519640703601X
640400198005168812
52270019681104447X
522230197412271929
140200196112214572
231182200501205005
230128199811041881
140826200612275430
44018319960819312X
654024196301319430
620103197407119639
441424200201013636
511802196409045736
21072619950516074X
230303197906117513
41172219980809106X
211004199307104565
150922197904190030
411328195805247426
433130198811300799
360729199104308311
140825200406308725
410325200501070223
410304200712306142
130927196801028851
54010019940429073X
211281198004156711
360803198601110258
430703196502265813
430902197811301899
371427199103273739
22050219920804323X
44162519690818260X
500228198306147980
321283198201074131
370202197206265354
411121195407312469
220882198503284515
350925198901074262
37032319911011286X
231121199606119500
231224199409117623
442000198308283562
21138119650930961X
511325197012018360
330103197207255645
44132219750906885X
140721199908303776
341421198603025418
45032919710604498X
411326195008039939
510812195307203809
441723195103106173
331082197702172397
430724195505204132
411500197806202098
140922200602126247
150500200202258007
63000019801021498X
152527195510027698
510113197807167573
411002196411049886
330702198508173919
450902199004201763
350702197011028045
32120319931122149X
341126198402294617
610111197901100624
230281196908259784
371600195808147647
150200197910076916
370102195309131768
150702200810310829
530422198101233621
420205195501210326
620104197809217190
620123195007185422
410724197601194363
42102219520828818X
371302200801317543
513326199904150671
440803200911157625
530127196905269626
210521195807237078
652927198107150905
130185199910015666
230281196511070334
34102220000420710X
430726195011126587
63010219660411490X
140624197706082797
621124197307190406
620800199705061648
510124196612081977
620402200004283252
621000200202014156
320305196702011530
371300195901157501
411102198808085820
130435197603012653
533325196008194418
231200196309045955
440404197412223421
410523198910043822
513327200905169472
360602197602011081
210900200610271997
320584197003225514
63222319680522993X
23110019520229170X
520324197708086454
410726195711038410
513322200405012362
520424197310021488
652922200903176944
610726199209102582
43072219700423118X
13032219680505020X
32012420031209901X
140109195209083457
430682196906264235
220400195703280789
411327196002174575
210602200911101488
360322195312185454
230205196604308122
51070419520122872X
450311200210236798
231024198811281362
33110019651115124X
341824197012113746
340100197209176230
130700199002250627
520302198810019529
451421198101073212
411422200904145901
340123199510250421
620602196905027821
330521198802088086
130283196708276335
632126195106168671
130925198501282547
230300197910111908
370826196404161002
330523199907098763
340321197607292686
530823195505133808
150100198709231557
460000199208241994
542526198004265685
210802200001206740
431127196712024347
350981196008273674
653000199208277493
659001198403102952
441200198001203871
210323197212190400
330682200501300678
141127199308250419
430224199007158250
140122199001179862
360723195204101741
130107199506081937
429006196509130433
320811199906289487
361124198904111551
130638197102023258
130626196404017160
370881197905026860
45068119691030812X
370634195012167661
500243198205284031
370786196407303193
46000019630525200X
130428199105192407
15090019571121131X
610481197003080671
130404197312157970
530923195405106349
511011196204100095
610329196601176184
610329199710065559
130404200511129483
37090020070722231X
45122219780710638X
360982200710082971
220600198108112072
654003196009261524
431024199910074037
420822197907055678
430224198208115228
420302199209043270
130123195407181037
450102198610081046
370203200212295403
120110196110125414
360726195102281680
653126199001225310
611024197607292386
152522196201278736
340800199901098432
440515198305277562
430426195005293921
610625199202098072
530623197312223266
411622197905118047
411202198411090416
522626198207011994
653124199712150287
610902197905025075
230603197109280090
152522200108107253
623023198311028625
140924195106255305
431122199011298136
653001198903210137
140424200704220301
410381196007217287
35043020070604343X
445121197511293112
220402199110124845
429021198401066794
360481197707123009
220000200601169352
360100200011190545
150524195908025800
350428196110207121
43042119660320176X
500117198512232903
350211195108103670
130922196907058061
450127199008195886
34080319641113183X
430481195205020340
360323195109081226
120105198207137938
210100197105112882
520123196803076623
231083195211040326
361028198406090137
440783195608142415
440184195506035663
340703200809067691
652827200011025645
610400199209302787
420111198302113174
370522197104046523
360100198907214239
450304199704301714
140107195607091185
652223195301304202
441702200101318318
421124198711119465
652700196110281658
130624197808195168
231102197112315749
371102197201228322
440514200512051586
360521198210176969
210604197803082388
410481199711061692
110111195708011091
450305198503035626
440700199804182673
371321199611034044
140107199603309085
621227196406254751
350583195011300641
610926200906228769
440700195606229284
35060219560409836X
430203195607217541
14100220090409833X
230904198912130822
510115198612039114
330781197312114520
330104198307179871
15042619780614344X
150428196812271948
320903197712310598
320504196908019700
361027195809077228
331122200411028057
500103197211216499
350211196905072437
441721195102100754
360000197408115842
370214199402224992
659001199601103555
371425198203039475
411621196605113155
232723200504156804
45032120000229980X
431024200105318102
150202197205170061
445300200704229102
511822200211127984
513436196308267114
320204197011292524
370685198201130706
370902199712181329
350213196611253294
610124200306145015
430923198903243514
140924197204242056
420381197410218964
420116200106174334
610328195610065397
341324200211250417
530326195606212179
361027197108238139
511011199812083157
411329195807283072
210603200506063269
469030196710088502
222426198303267904
350623197006228428
141102195510228826
340700200907035571
152501197510167004
430321198406092289
420804199101045290
520222198508226244
14112319700425802X
430511197305075061
371625196005318352
230224200907280268
130535199009030781
350722198410060683
510107200209083334
140429197705180003
440607198505012564
653001200211198165
140721199909134310
630103199904129855
513426198205060168
350500196510139147
141182200505076245
61010319910519856X
420984198310230102
653022199907058386
610103199212275460
370323199409020855
421123198604104720
511600197203249734
51332919520409856X
440513199311204732
350782197507187455
331181195703056953
360732197310028715
44162119600322737X
652927199108285515
321203197508057436
130204200212051312
51082119620507551X
420921199609261877
610112195710246775
411221200411278063
440700199705285837
620721200603051096
33018320090404396X
440605196109129523
370831196908087177
610821197403015620
152527195701130049
450221196809301478
632224195509139018
522635195211280137
510824198510288018
13048119570303957X
130522196502289935
520425195101131442
421303199911307835
15252619791023017X
130100195002285853
36092119800419042X
350725196404268699
522731195502032336
130630199605199923
430802196303200872
411424197205269655
652723195304177728
371323199810165429
371526195201117175
440116197105231340
340202197710300395
14052419590205801X
411524198511198875
140830198905073490
659001200711058076
420281197003106310
320902198910035839
341024200203247588
330900199204270114
440103199408018122
220581195406121654
34030419911201939X
530421195112294999
222424197103165009
110108195602156972
140303198105273711
430500197911121962
610627199806109732
360425199407106221
370205197811211978
441322200307227239
350303197001069411
23100319750113351X
370205199709184423
320611200608044849
440604198812032099
440781199107173489
371621198707149999
220621199008206561
341881197305056180
640425200909253064
360425195402280855
420700195802172728
130425200908119939
141121199107098547
511823198905013486
640202198707048315
13082320021011297X
330200197805100375
411300198809284969
441625197905194554
522631196410053120
653200199808164821
360925199010171292
450423197605056376
445221199411119170
370881195412287801
320113200508244240
120225197911200554
13012919500101507X
430623195801310894
469021200111234785
411725200702267324
411623195703131355
610730197506223909
350623195310073804
654300196411090900
370686200604067402
410502197507221418
130725195109295525
520201199401300646
522426196305302082
130183195110142746
370923198108214822
150783197312244965
350900195610040619
141032200803236279
410600196412237490
522200196309254802
522629200110183078
441481199301119333
230826197709071319
621000199309102070
210727195202133187
350603197810064131
411400195406306926
620822199801260960
210181195406266526
510121199602118726
513200195411309341
441622197102236985
150626197210214113
620122198001099600
45142419520114516X
150824196407119180
21018119910118056X
522424200403038963
230709196409215564
420528196104256000
511322199509246019
140821197901065281
22062319780216258X
653121198302284035
370100199204167591
230110199109220747
510402199811184196
500227197108101980
22060519710722896X
630121195109262643
350128198802204186
610323200607209187
321302200607016625
320682198901278738
141129199102054343
340123198810169049
53012919610908720X
150403197401318382
140110200908189612
43112119630404309X
310103196412193190
65232420040912249X
350629199107141791
42120220060531036X
42050419540423377X
520423199701174863
530302200204123483
500106198705020350
653127196808282992
511111200605297014
512002196812052167
621122198410094860
320682200904160401
130100197806306436
360827200312273596
511523196212055776
522626200909127932
610528195802185642
451229196708014535
35012820080225102X
610524200711242451
420625196111155335
370323195101217952
610329200704020691
130181195804165667
522723195207030637
652701198706307383
43102619890422878X
653225195311251443
652826197312243661
440981195509293283
321011198708293736
513425195111056264
411623197807078877
511622195603061203
371721195008072736
370300200608089928
350722199211010565
220882200505160743
652922199004070403
13080019830715221X
150727200210303163
622921199605274266
431227195301042453
510503200301116190
350502197702185719
320203199910256714
231181200601188779
371725199211060187
130631199402021590
370203200502111078
320482196206088369
330624198611108544
370203199206153374
361029199306119300
330483200102130689
420205196006106016
330802200103110333
420684196704075146
511724199606013844
510107200808081701
411081200909013332
430502196407283434
150422197301280590
150981195109286229
220700199301207401
140400199508080341
371121199004176947
361025198501290103
630103195801187624
450404199902080188
410704195502176691
445102199411302384
340323196704247789
530802199402047612
130434198706017615
150125200106225470
445300198707194582
51152119660430816X
140721198711101199
210703196012296931
450721195508012325
210600199907226298
341521199108248569
341824199909208634
620122196206304074
330703198104077716
320800195701069598
511700196103301575
37142219670427597X
513426198901111782
340824196205250848
222426196106187869
441423195502280447
630123198306130662
450000200406170772
210103200008151795
654300195806192667
610830200803013895
441900195502287166
34142119550602871X
520203199103192061
331000199204071360
230524197510212648
430103199603173804
520323195406307359
610924196203112506
320322197608289086
140105198105162677
341004199506298947
440781199302256909
152222198908090334
340604199210142427
652323196102077705
330322196403149941
610528198602106122
370285198503244555
360983197610282329
230706197209156999
370784195801146491
62082119850512105X
421087195001280744
511522195811151689
340604196601177789
51180219531110094X
22018119881222276X
210211198311186590
330282198210315843
13012319870222737X
450304199909192064
320583200402159786
513331197502171762
130131198607074715
350122198010075613
630104195409196805
532500195711178477
340703195706070923
610722199805127924
610323198609305658
140700199811304084
350623195307312835
130633196307235303
420703198310291889
211200200403218993
130529195801111184
231123199909122777
150900198306221569
350625198907319658
620623196510317471
230602196704292458
410728196506223139
445323196308171071
530103196307077279
371427198910027513
360724195910202546
610828198610083887
320204197511262735
222404199306080228
500106198410052435
621100199612179543
500236198908062925
420205200810296147
610428199510312980
511421195205178783
130303197411281860
510800197610198786
610000198907131069
654201199210134457
511024195805072867
532624197411080991
350524198506224699
230381197808059371
441203199309052479
430302195902069499
231084198311231787
360323195602284334
231182199709299172
610826197202019264
150222198906025625
320304197903158617
130683198506209397
620421200307062587
510600196912014705
520114200810018117
430407200005168885
41080019880427600X
440802195507011114
360924197608251830
150206197412167813
361023200110134880
141031198103079915
513231199110227820
210882197805236336
360828199808121335
530821196605081795
441621200902033885
450126195806101405
130425197101266503
340822200011162408
34071119680621663X
120223198407246416
610322200809111907
451121195511305004
350421195709154813
14030019890103291X
610402199906017925
430822199305287245
230703197104209282
632524197401167442
440783198604309621
141024198604268956
513321196411182442
652928196303087082
340300196210031449
51333219650514565X
130603200909284525
220103198802134716
360803195503202454
331124197801241310
130181197103232678
420112196402208186
330322197904233409
530522199811304770
34022319880317155X
350628200806198331
610404198112055258
430922198102156633
360725199208290755
450225196601277232
64030019940520616X
420822195409056847
350505197305155152
211324197008041579
341000200909170809
430304198310249249
370982196207059443
130429200910276103
360426196810211278
440222197401225626
430822200505136420
341524198801018264
451224195101173605
440184197610060892
530829197302062322
530702196212268538
530423199303107763
410526200706150734
321284198503298831
371726196510160447
610500195709161738
220502197203224956
450700195811063078
370883197807040338
511126199706102043
150203198207312781
35040019540702160X
520321200309089899
131102199303284506
500105199601211361
420526200810144053
43052320060911367X
330211198307228265
230127198712244818
33032919940331495X
350481198309209563
230703198801095991
141123198712159166
513321200006180020
532622195612182933
52270119730913071X
130281198503048204
513200197011304321
341202198212213753
450721196112217206
62052419650726578X
360202199808155299
421121200602151934
341203197512042070
341024197106263338
611024195301163208
450126200109307954
130822197410252052
431228195610154893
632126200307035166
320681197909224792
110114199309144097
141128200903198178
441623200311026475
530702198510092082
620422200205104922
440205199901207080
450125195602294886
37070020010624562X
430500196807029483
410305199007240230
150526199105159005
45033020000614334X
451100197511299879
440800199506130133
610303196307202114
350824196406124129
130924199505276652
13068219790414994X
513436198809136445
430405197711077078
340700197809184288
350782198806218041
522225195609080974
321324196509027071
410184200701301099
230124199003235818
440825200612157893
350424198606077029
130223199804192104
640303195602290699
330225197912248823
371202195211088243
150428196705029865
411300196510154685
220882199103032436
411322200504178522
440114196404184372
370685197702178412
361124197509058717
610329198301091313
620321197803228267
140221198105272169
23038119870605411X
140926199807030601
350105195703167334
230881197505317983
130624195401143631
232700196309113469
441283197303249935
652829197206301708
621202200808022509
451227195703305985
621027200806150562
513337196308019680
411281196505230770
411503199907189388
371723196106064518
340221198903022436
410703198803108294
211302196701279662
140828197907180701
370686195908316849
61072819590715654X
441200197008168090
430525195701209155
310115196506209005
440607198403226131
433130198102190208
230604199906118067
360823195610112281
231005200810055786
430203200806137433
620723200906202923
211021195511188872
411100199210229166
320311199902159346
610830200102216665
130205196502228478
131128197206010954
652901198606283725
110107196412295558
469003198508085025
522727196901012391
370200200404199062
341723199406170169
21031119830828040X
440825197203079543
533324199405066310
610327200309054434
610528197101014647
360782197105224446
650205195912236830
450108195812048986
522427199201293345
53062619770418068X
411424195810309556
621100196112126222
420111200503156787
230108200907319753
431302196409102932
131025199709306276
621125200605079299
230100197710074101
510302195611146941
522630196109292257
130108199304264467
130726200512215812
440802195806055811
350403197803242971
140303199506309193
620121198006157391
120112200908014950
330803195407158910
32101120080229927X
53012519910224248X
511112198409254347
610427196002084619
440605196209150127
230307199804189772
42032519740530631X
51082319930917712X
450302200602028983
522222195607022982
650102196202087746
140727197505175000
210113198904029002
532929197008183323
350213196208295195
500224200201167277
13072419870212111X
320582200810098613
371502200307297218
451224200905214680
653221195202037418
410782197811074857
220422195202069174
520402200111078613
440114196109308010
130984196411121820
330482195203255106
420600196101174105
431081200602184034
350821197208134364
420606197910155302
630102199311124489
411000197312301494
622924196408034568
420704200704080386
610300199503274427
411723195601313989
430104198001128311
370102199106200303
620981197707277404
150924199709257457
510184196012191693
411722197706301573
210403199910270968
341103196206286982
41142119851023856X
141124200801307083
360802196810290384
451321200202043498
361124198309071313
530428195806020639
510822199407147139
530927200101238392
652300200708050325
410404196308252599
61062219860710350X
350722200502035143
44000019560429675X
150206197711304099
320115197901229002
210123197807290039
21040319520913488X
370503198607094362
330204197703057084
650400198008178559
430203200808017195
522201195911060017
211011200703093107
420502196208229986
610722198307215548
621126196206235618
340321197409085504
340111195103160345
34020319920216648X
21088119900521182X
370611198707142806
140724195212253070
231200197801227376
622926198305151309
320803199907308037
440607196807297367
440605197207292329
421121199904082756
440982200907250932
350527200904276450
330327200205284377
340703200507070000
370502197603085716
350521198110082154
14052419670319024X
230206199410307033
220381196312268667
140425200501296863
450205197612299655
230704196801178997
431100198805265587
420923200602251922
420529198012139574
371621199902186394
460108197802283676
632300196510138951
320211195412307015
52040019540726243X
420107196410206382
341881200903201602
152524197905070922
140000196507022988
130532195406052434
321200199405246314
130527198605174824
350213199902245079
650000199603222027
360122200002184029
469021199309217184
150424197011162505
513427198112284599
530724196008179683
230206196212085368
340311195008136241
530626198711111847
532600198607152639
530624199311132755
652223198808063536
450222200910229533
211381196901018745
350200197609145625
522426196607121658
210124198807089109
451102198411264887
44132219510717794X
150627199702081690
33022619880501773X
650109200811227138
610727196106067748
610831198909072785
220322200202261607
610202196409206739
511725196109148177
44182619741117987X
141102195103252298
420103198007212196
152222195709290006
350602200505276304
371521198508040987
140827196107261190
421221198708120031
370634197304128081
320303198707018172
450700197503313759
340521195807091573
511521200403038377
231000199801219470
371427199202156554
141127200003268816
330110198602189041
36022219981021939X
441622200602118824
340303195107237056
610323198103081247
141182195011165746
22240119530107231X
370784199511284421
210321200204248221
652925195512106987
610328197108031238
140781198008108803
450403199507201967
440112199407103639
341500198909053116
231084198902255561
152525198005189398
330781198706172621
530902200803188281
350724195512208246
220100200510085693
513424195105270305
522426197810023935
430725196603283859
511181200710019357
211103199910076000
51333819890314828X
533400198205239192
410523200309258419
50023819680923270X
370321198709021924
533422195206292782
411104197312127968
310117200403145805
411224197301096167
430423200703169084
341722195909146406
513226200205243836
533324199401272862
130300197006118446
34162219510621211X
620402199601217223
500240197102255971
230624198405306554
411625200905132491
141126196311282745
500117199709072856
511529198105041560
469000199602194776
150923196608241026
130581197810102460
530824195402106010
530627199507081303
130636199503014658
330802196308068184
430700199704022961
530000197902182698
441322200902052015
350602196601085592
650205198809302696
330500198208308515
230710199607110279
510681200110158835
450881197607217116
433127198902289048
513336200804306999
340824199803045119
411724197412083809
141122197901271383
620722198606035610
620700199108313725
654225199703190570
320211198312059388
21090519550502495X
320584198911094104
360481199912044341
350400197107220593
520328197406236299
310000198410308219
441284195503015268
620821196009052332
211005200801084696
441624197302153554
360124195810118176
320305197412015642
321300195603112912
42062619870324672X
421121195309078287
140830197311308470
650104199001077505
320804196708152036
530425195112277828
440923198112148686
620824200901306186
411122197703056127
370800199806183060
210423196207143520
440114197612205259
450923198101087285
622901195306108811
360734196706304331
421124199303273476
620623200903117883
35012819751121892X
371102200204274660
220600197110296347
530822199801189007
130225198111206671
451025196002065131
422822195607250669
130525195910129409
13092219761002843X
620525198410080813
431229199709155014
511113200403144530
430800200301037799
441423197012235239
230716195403135685
650202200011147640
130424200611044837
371500199403220837
350200198902021423
640323197305161756
341300199809057025
210711198511067016
440308195210282731
53062520080822047X
371727200208113995
130229195504185551
330621195903262866
652825199402065910
231081197008098254
230223197201058170
620602195501068681
340104197209283808
421083196410308006
530923196311242272
120000198008228792
152921198605109693
510107196407125911
230881195904259064
652323200609085519
610404195210144963
230606199909229953
371321195909273058
50010119831104477X
421087200001258153
410923200907168503
410122196101272708
230305199103145184
130205200012205379
370104199008241956
450924196308060204
410923199303013134
140927198609303025
622926195608027379
430211199512042329
632600198212046157
43123019930902802X
210423199703041084
410211196511025255
513332196602180537
410727199204062832
320322200908186438
320504197608043893
632621196502192606
120223195008157738
445281197606070124
411502199901209900
522730200910164984
430225199007238396
513231197011301440
510107199902283398
451021200810110651
532301198109164637
431230196311162865
230231195202290327
441602200904017775
341322200010285186
330108199009219302
152501199204261368
430800198004047827
230604196804124120
360426198707265904
513422197403288091
131028199803117745
370882200406287047
610926199403271006
653226200410179424
431230197104074701
320381197008038478
422802200009211625
341623196510044227
51072519680114821X
430923200109287886
34020019970507385X
421124195401266394
141182196203040379
420202198512268368
610000196404019260
150429195907154762
220500195105109370
140827196907250588
51042220001223141X
654003195202143656
451023196903165436
150207196406254736
652723196406013868
130425196401169081
210212200003031040
130634199909254990
370303199502281835
532823200310312289
150929197106209088
450125199607153917
440303195607294966
211300195812114521
370181196607293837
371721196311079206
420606196310058088
210700197702106782
620981197204139253
652327197905041685
431230198010019706
13022519680430358X
510000198810278626
371327197809180812
320804198304045778
210522195510092812
632823196004157203
150403199101304148
430424200207117425
350128198809142184
623000200905307248
210800199103027534
450981198210256862
130481195206228820
330784196105140536
141181195901105976
230826196410135301
441300199403250216
340207197611259413
450323198806118835
430721199007280238
652922198109213883
513335197702011048
321200196001309012
14022219890518709X
610829196809237932
430624197611023777
370502199111142920
15252320041231224X
450331197211246753
150702198904066396
152529200711036810
610000198609089544
610427198310094447
130637195206173060
411303197811025741
340304197911063283
451025195408313364
220204200304177045
510303196504172942
320504200905143545
140821197308226793
211003195910316250
421202195105071362
630102196404178466
610329197204022792
411322195211302346
371722198912273851
130100199012159672
360122200703030831
451030197908242777
370702200902185421
140722200811093436
350182199303204010
340503198905312334
370212197911218994
321323197307040049
130726199708127552
513332197910286514
450300195504185903
54012119830516847X
450405197709198296
150726199406254015
141028199711183923
622924200102181177
350722198504200974
350425198501039874
330212197108148053
44132419880503685X
610202196412114667
330421200706043798
445300198107274343
513338195806044856
654028197010296144
630121198612060452
230605197211112600
330424197812095676
350426197402018359
431227195805219785
370212200312171519
360430199110216631
445322197309188519
622922195007155652
440307198309099168
220721200404089986
350503195105214507
441202200707170584
341124199203082111
420324199402023990
430423199210268310
310106197707122844
350622199006098996
130929200111193624
330802199608302108
510904196403119412
451200200603138087
310106198503218750
321003196711295880
11022919980305533X
15078319870124383X
350581199108032458
130581197604155553
540126198008315084
411327195103214359
420625198405260754
130204198709196867
410506197411216812
530900197101020209
150104196207028459
420683200411193600
15042119630527367X
410303197901035109
350429195302232489
469001198007098116
310115198612139417
150784197806010815
110107197011195374
130427197407138283
340504196912047433
610323200906061426
532502196707116668
370282199703268194
653001198503123173
13042619510209742X
430524198406049299
522728197812048430
320500199610269895
500105200509125976
710000199605051248
330000199504098441
210521195110147064
620802196401311803
130722200703030022
34152219770806543X
511826195404018436
360921200702182638
411625196812189182
440105195405043298
540100195602054289
220281197106064136
371624195109011426
430721200112260939
445300197809018550
510811197406301634
430200196203072214
513324200304170962
441881200910126915
532522195007010644
230622200307291800
440902200305218941
340304199305075996
130926196306103168
632522195406130946
230904196412038174
451100200304037846
411527197212084645
652827199001317331
220521199407297178
360925200503195837
331081200408035023
445224195905185750
450321198805215032
450221195202099934
451422197401117709
360521199212314629
210204198707075105
140226200209230002
440232199405172260
62122819760221554X
510311195910178659
610621197211175274
341421199908180384
513322197211180603
341203199004238471
140181199701127078
510302195311119335
350823198910193943
511781199005206728
45102819940506964X
350824197303244122
150200197009040558
430922195405192814
350125197402190770
450125198406147786
411724200303025049
640000198207134600
621021200604259895
350902195202138599
420526199608287696
522201195004290679
35058219931103632X
211400200501104990
150205200306093193
500223199304192123
450326200709104473
421125199412191273
450481199006109950
360781198608290072
330104195411035815
340602200005201945
370322199208264005
350722195007028639
430921200904189756
420529200307018577
350524196310092525
440783198203064037
620525196202176774
120106199311120520
621202198306085972
11010319590119757X
220802196607107395
44130219541114010X
420303196612016777
350526196009173556
420321197508180216
422825198312063420
460107195403135099
211281199705084081
420624200905150328
330206196109300529
41072820030128894X
620621198507188847
53042419600222722X
222401197502092092
652223195907296622
230403198308041803
421083197104157777
440515197305065637
632500199302014422
510781197708256414
150205198307105440
511302200206050748
522625196303211421
130532199605157579
350403200903301742
130732196408251918
500114200005186018
120113200801141606
610104198808239489
411421196112296968
620723198808056272
522632199307105017
350782196010040429
231123195609301441
340702200605166798
411624195907239217
500227197512231621
340203196209071914
321283197004060289
371322195805070850
430300196401105932
211321199808206300
330723196905211184
652200196406156955
230227195503021791
52222420080621561X
220200196107271919
152923198809029823
522702198604046917
341181199312239218
320104195211219757
350302200410209065
450331199711118298
440307200103235371
131128198604083723
360427196505027112
140300195811178356
350921196112309837
620982200404036305
63232219970618023X
420981200206293163
350400198605097748
500243196507104463
341024195011269156
542522198412054101
450305200005028271
130107197603197940
440800196211171858
520100199310198656
130724197705207248
652828195101210492
430124197603056715
371327197502259542
360721200307280181
230605200705191470
530623196811115740
410205196607023767
222405197004087026
520382198509041067
652901198710136071
450203198605174856
130129195105240212
150425196706221964
440400200910232696
130638200710062263
220582200208029857
460107196507294769
130627199104157305
522722198709291324
210402195609123016
430525200112291772
450921195905125586
320102199511196214
210726199007129619
530824199703306356
431003196710040443
140430195208216075
330781199710133566
140303195802030869
43070019710327956X
610323198212041260
410203200704196543
441322197606016381
140426197004073396
530723198904172810
610925195012121110
410102198906141792
130128200411264228
620621199612112929
510500199304101555
620104199001107932
210521199808077617
511100198307238850
370000198502263477
130600195703025015
36073219970813500X
341800197606205014
140826200004167794
510000200306187717
321000200001060286
21020420060105105X
610926200308210892
231283197508143094
610921200910113778
230606199211104358
520100200708319847
370602196406160909
53232319590925394X
130303197808165921
513333200111221395
530823196406034331
370704198009211095
370800198206178220
231100200703093609
620722198909202092
411602197004097466
513437197609021514
230381200709251565
120113200906039448
411403197605234812
230381198108133264
441624196601042374
44142319701103649X
140781200909164239
511304196001071346
430723195203159923
210122195305016835
469032197801262550
150927197602137623
140581198605097152
620902196904278916
150924197307306392
420200196207253141
532301200904171772
231123197903014960
150502198610057944
210703197506299969
51152619860216161X
469024195611079772
350303197011086127
350305197609087338
522228199305047558
440608199408022569
130527197910312934
330482199003152020
632221197704284827
320500197007140297
231024197401227705
430529195204303314
513228199602168793
130637196108170055
130427196705121055
440700196202053504
640302199907167132
410700200908201541
420222197712126381
13112320081111341X
130527199609068521
210500197303137871
652722199410319111
451322200211060886
451400196711177413
513336198709024301
350424197804202826
61102219780707740X
530700197212115314
430304196106120262
370827198102037124
654326199806253900
320981196101161858
659000198108219262
130622195004304099
513434198711132726
411330198102222746
371082198511055034
62302319880802884X
220502195908136404
62082419970309771X
430281200606289861
44051319870904501X
511500200912168071
360922195004038658
431228197301082936
230621200508157847
37032319701210025X
360826200801317127
341125199704162052
150203196704225786
130281200906240612
321311200307180673
130432197906222202
511824196109266498
150000198304103981
420205199612059348
440116196701228223
130424198408074782
510500198008019413
120221200905297627
511900196507276768
130183198911297741
530127196808139918
530100200006051606
620123198204284888
360425195011127415
34082319880204042X
130927199412188281
350825200906158785
441324197211191997
440803199512046308
220204196201131889
330723195905226007
420506195504214798
431125200904290611
150105195707111883
441427195004219104
450204195108294120
361125198409033564
130132196507278865
440205195702236817
321324200008228376
130184198906011477
220502195506297109
130322197207281061
360726196704027860
441402198809115739
42282819900708726X
411423200111254880
341422198302059098
513326198912284552
510121196510198809
320303198007076304
510704198801017540
420626196608041380
220300198904098885
640303200105138307
411728198804102298
431300200705294330
440300197610194210
500119195911303253
511304196211179507
511525197102240337
36098220011012252X
320114198508102855
371521196712141858
450502200408185994
350629196607152936
510626198003011665
370704195501048070
110107197407015042
510115199301238217
654021197501312749
231282198201309860
35042719991021831X
130100195609307369
450328197406068901
33078419710318357X
350521196110068265
330182196704113753
130823199207092132
421122195405260405
220282195710204526
210600195411172961
350421199610126482
140110197712212089
230700199209090783
53342319710106405X
321283198512266894
450512198111128457
430527196303276093
141021198812110046
632300195907147579
341621199904289543
542525199411245727
360800195205166409
610102199003098617
152523197606047793
321081195703027290
152500196610171245
621100197312108760
140902195606104847
140524200509098430
411700199305077006
610929195103135636
54252420080724376X
210921196705120721
513338195909271699
231283197209031981
510823200402239490
140110196011063290
220103200708226876
341802195701187946
450205195504139735
320921197212116388
130626199510100826
130604195008224878
140200197102163657
451423196905131426
210804195603107685
220204197403145685
34040519930110830X
140724199407269708
640402200606047867
130928195112170395
220102199005270916
511800198701105835
410782198401240343
611000199908033212
450322196210290890
230127195411075949
430422200106015048
469023196905189035
532626198201126733
141081200406292741
410304199805282113
22240219831005341X
150404195204121844
411524196904111428
650203199603115467
230500199208279436
610929195808167865
140424198703250808
650203198905219945
321200198406169213
411727199510285701
650201199705024088
230206198209214703
433123197904125661
220581200307192733
211122198805281891
230202199308140884
211021200709031890
610402196011158766
430482196305038717
421024198306098052
62050019640614219X
422801197903085116
61011620041001009X
371700198211132206
330825200603068375
220122199401218517
370700195606214439
150722195810307664
431024198907179546
513425199108235913
410927196702277817
131181195612177103
370811196708201865
150422198812307243
610300198403054705
130107199906136124
210111195208026784
320705200101290598
110104200912050303
520303200102213749
451102196403113174
532900198003148168
440105199101122497
63012319550520611X
141181198004028898
141130197203101977
530402198211232800
433124195005308197
411622197102171952
130725197011245502
350926199810085872
360600197210027479
341821196904160093
150923196905050912
130108196511196504
331122196505304367
371482195011030285
141030200108121987
130300198006251655
431228196810306294
420200195311106219
469007195106179610
210522198506132408
36110019980819635X
371002200803262893
410782196701169877
510106196312217323
231024200007282583
130705200904112060
230624197504025091
500230200008074500
370481197903011276
440881200208111245
650202197303234266
411702197606203962
350400197401245791
370828196109272108
130730197803222633
320829200802156232
652300197604162950
13063419630925095X
632621195703249758
450223196903055309
441602197506060079
330212199012095187
620302199411231467
140430200307066563
520327197408089732
510184195208014723
440305197908254003
511725200301100658
210224199102223363
42062519861015677X
360322195403057845
51030420050124482X
511025200102271616
522633199610225309
371602196710304541
610724197106031919
52242619811116715X
341202195803214375
610924195906232657
654325199509255575
310106197212134958
532922200003065459
320321198907017206
451222200809047322
120000200511256264
421003198302114551
360700195205043526
530324200710247487
330212195110265137
653023198606274685
430481200808017507
411423199301127123
211303198303060142
370982200212202303
530500196002133850
610329198307182769
330703198509260228
610582196510234679
511502197408108510
445100198906198921
53060220030219023X
430502200205096189
150921197102273604
141102200909096005
420323195512151163
810000198304068002
330424200206261421
371625198212222889
532523198504069997
340604196709154917
371081199807039189
411726198211113845
150400199602106415
23120019710630726X
210602198508017307
411000197407159427
361122199902126866
431228200003043925
370211196803302485
460107199206219507
421202197408231705
150924198005204133
361128197303211339
350125200601224624
150222196906247923
511424200303112414
23122419890909120X
340881200512288594
533122200412237722
15252319840409043X
532928196304083115
623001200211121197
410702197204253595
231200197310104590
150502198609245569
522422197601085093
320405197311051391
371602197012075790
130202200203299057
653221199601114837
141182199511165994
411200195406150561
430407197708278648
230712198308129023
532929196003228698
370400195711148991
440515198909055645
321000195211209161
152200199212041282
130633195605135437
511526196005270341
522731196407199677
532922197004219523
410527197409032493
370826197404104651
210283200101023955
330304196201087815
431128200412237354
36073519980524723X
460200200901120935
330682200909107599
522730195906152282
370212198010063942
350481197206184696
220582195502094218
45080019770404778X
140927197009303297
652324198112227565
230715196309180947
620105195008307628
370703197312069895
141030198710133470
360322195410104232
41032619870315996X
230183197909088798
510322197504213955
421222197310090997
371623195309037659
620523199406100254
360923198209264077
530829197503307680
450803195311293648
620123200412287338
150200200809089207
150621196507040664
370283195803244630
510121199101058462
370521197904146235
360881200712209057
21128219520524717X
321282200308133342
130133200901205096
360300196211104674
53050019780310558X
520329197505183061
522324195109146956
440105198105118212
350581195003130096
440512198103084958
530381200407215797
50023619780608730X
445121197212167298
360735200105048307
522622198004079002
532800197601019884
511725198801082054
450107200708319560
530923200602150772
150521200403185870
150925197610011366
52032820001012472X
610821197007229272
522624196008241154
510722196011056530
632128200804062088
110000200012044927
350424196010140294
621124195206149122
230225198409110641
360926198711142234
210224196910218868
141028198806019988
440803197104028216
320281196806282264
450621195304141736
421100197209238412
370283196405278370
522401196512306097
420602200511090942
23030219980208983X
511126198907137512
210402199407182171
542526196911095908
621226197303176787
350402196902031124
654224197501072052
431124197506188637
150524199111067147
441481195810153881
371312196410279694
620103197607179062
41132119550326818X
510000199904149352
510114197401019059
63252320000630883X
141130200512192264
620103196001273076
140702196902243685
210323199903047039
522725196511032749
150581197602147705
530124197510229529
340222200602058140
500230198612164211
653200198003109839
510112200402199460
130721200301280460
64052119840820167X
371522197812135990
420704195005183593
511422199509093206
440803195010197300
211200200609149436
440305195308304709
360105199007241772
340123198502181927
370613195103070601
421124199711292078
130924196910013641
130631199011240518
530629196812111002
140000196012220173
230623199408121633
22072319501217753X
650203198712054806
360800195607100891
370321198802267398
45080019800121833X
360428200902272571
371500195807289154
411621195402285809
230321197504307472
522626197912169055
511000198505232163
511000198304209645
510304195110043461
540123197409030174
420802199202142038
230703200410105013
440115197003031771
45031120090903513X
110228199011309569
360105197707200083
522622199510055139
361025199906225902
42010619701012508X
41110319800405358X
420222200310040707
220724195201070009
620400198405228243
410611197112124930
230921198508098425
350821200006072323
610103200906144698
330303199105134754
532325196009054061
421200197606308192
411723197505292005
231002200908183162
341002198311103276
330200196606183089
321084199704071194
621123198204243235
370321198012100008
654221198211023776
371522197805042825
370202197208108627
230524195503213811
32080019520916215X
430102198209088619
410324196603277908
220500196908295677
370322198202285521
34142419770707055X
520402197311072254
340602196110091304
230305199210136507
420115197511189299
622901199508300332
140722198404114009
14062119761023155X
370613199111042887
131028197209161293
23062219870105669X
530521198002269724
150100196711134909
422802199009186938
152530198204083984
140929197602131839
621228197712138346
371702198108044622
620300196510130868
610426195010046347
340702198801257718
530122197608025441
620700200212233720
50023119620614989X
230224199006237443
370828199310316057
340621196702063605
65432119990603931X
341021195212158592
310110198906258559
652200200210158595
140830197506267293
211100200701109837
41088219560205977X
440514199105134557
230710200907065452
340800197907250731
130481196509270406
321282197703288868
420822198206247014
451100198505087372
500102198006114766
654025197201061808
653129195105026392
220000195510120429
451200195103243768
450924197306264021
210283198511184268
370400195002246169
11011219841121746X
341602199410026760
653223198306144732
320115195510208985
330784199812118489
441300199211093228
371427197008176130
621024199402122421
36050219541222425X
610403199107135825
230300196405037845
150304195008272105
360827200011284267
130624197209144078
350721197807043354
13043520080921014X
140226199809198354
61030419640516228X
522702196705044292
630104198102245776
35098219530723321X
211382197907284199
341322197206130640
451028196203180522
632522196606177524
150826197111044412
371423200002210181
130804197109070011
653226200905230121
23020020021016272X
410927199012263980
510000198806176045
23070219900902213X
610528198505097770
410603200506045244
220200195407174497
410302199810091159
530625198706241325
610427198803136203
632721196408184250
510302195507025090
652328199106102838
431222199503051186
341100200412062453
430981199506193718
420303200401116662
370205196811214293
371722198404039049
320684195602088204
15020619630228108X
513324200712027102
140722200105101865
320504200312073289
230200197411089077
130629198201274771
513229195008239542
36072920020401130X
370212199604175460
370784196601309406
522600198206295282
231003199311024960
371624199801234384
532501199103085538
450921199502189436
37130219760825390X
410184199208303466
230307197607305958
310115199604292301
621226197503130361
469033197911298542
310120198510205541
650105200512221670
51162119560811067X
370725200310103773
652223195406067098
410183199106131134
632626198801302909
654021196611286970
654024199302195787
532901197408286608
460200200708125291
370323196911079584
469028199605258188
532922200910208142
510422200606136890
230804199506113460
330600195910207783
34152219750528339X
652828199303059338
340323198707284699
652900199510241158
321302198412256979
140400198807138481
610400199202225395
422800197701108176
140700195807167648
533103199405235425
411002197204280406
220322198704114957
140825198502130912
130500197010299025
220102198402145110
37110319831017060X
520421196901100352
530112199909176469
440404195908114289
411727197911187265
320482199907045285
340803197809063691
420281195410259390
140726197811108459
43132219670109578X
230828200501275184
320205199612283936
62052119500101228X
420800199706278534
420606200302271152
350400195703251493
41172519630401463X
210782198003058717
360723196312270766
419001200012021755
532930197206242190
469003195102023613
410181200909041936
371122195605283105
140823197411027007
510322198512023443
430400200907291722
430500198703118819
130703196904061839
450103197302083543
130321195109236368
533400200511185495
320500196612270618
522229197510210016
130903195904216999
610122195812148896
140322198805149323
130431198312017648
32100019921105476X
659002195903242137
420112196304170284
511422200803025146
37108219891030929X
511529199907135758
210404198904067308
350302199405157293
65402619590523564X
130426198705127214
411222195601279887
150802199304058245
150525200206077569
440800200404189754
620823199507302222
320584197603132776
130804199011309804
140729195801167279
340621199211106635
152527200006015026
350100199404197804
37063419980320181X
130928195112301594
622923200504015052
431221196209280842
130227200607185352
130526197509161846
441302199407214135
533124197604174066
320800200202115805
451026197206121511
410825197603299056
310114196308175098
230129197012239899
120000199305261534
320502196712134173
370900198603153727
42038119710310254X
210802200210199487
522328198205187191
522634197208096518
64050219911119278X
610523196610153219
350602195905071718
511423197806043974
530628198501281314
431229195405169750
652924195507084780
150421196802064561
430902196709213847
320826198501107286
652701200103042603
469026198512178675
420923197311017023
341023198101021135
430623198608281239
370305197508045466
440229196504301089
140721198302254370
361026198002252053
350205200307137335
430981198502184190
321322195001099683
370829196005253398
110103197902219960
620402196902138998
210503196906082085
36050019730406104X
451300195201080523
440222200706050657
340881199912031127
420100195406200026
542523196408223117
37021320060203931X
451302197412317430
451122200103149268
620821199507128436
410305200702057134
230707197109190416
511133200203218940
330902198511213935
653226197608031404
620403200704123483
530700196011117386
441200196608171926
141031195611290860
532924199810118227
330300197902250688
140721200903205662
640424200101151800
420102196704231362
650201196506183680
131082196009117603
511321195011184071
610525199109186945
360429198508015055
320103195308069453
620400199710315006
320282199101061349
130631197112072905
420981196404251539
110103195407260684
210321198508160798
610303197012119756
330727197807267053
152201198406130066
530523199007218982
450326197805067356
150524195612267982
371426198911237073
510811195411297765
420000197303052271
440882200001200570
440600196604300015
530627196107025149
451122198701173153
350402195005122697
451222196407085132
632624195807282906
431123197608299139
410728195411119676
320623197705203830
42070219890119083X
210113197804046636
360429197511142384
610900198707078530
371602195912145679
530427200702088951
131122196203199381
341321200702082834
150000199201210682
43040519520430867X
430421200905104657
61032919770601547X
411622197612256024
150300200610018116
411727195109183890
141181199303096190
532329195807241014
451425195810237154
500111199108305177
65292519771223371X
371311200609306680
32050019760104066X
522601200006114359
360983198910032617
130730196606121273
652826196711300294
341102195411221343
542523196102066294
450681197710101487
36102519870121632X
150724195603021367
130432195504087758
371322199702279908
150924199404305876
350981197102144152
440114197305198642
360983198611192178
341225198201042957
14090220070204485X
532922195810209400
320412199610218262
371400195308134304
450881196903262662
530621200409020491
621124197310048515
341102198604192677
610430199206117162
53262519660722504X
530623199211178813
411103198705105477
350923198707187551
141000200712298393
130730200711279143
411200199007052700
320581200203037089
450722198506108884
360104195802146067
150823199107212284
411681199405143384
320681197105317088
652323200806232995
52272919671020529X
530122197503035619
410923200803247864
130403199811081563
421023199903035904
220822199111240984
513227198502280672
230124200501073685
431322196901092866
330402196506306196
623024199510298733
62092419641124648X
360925195912070599
450226198011194483
341124196103016826
150784200210121842
150902195102277439
440511200301225057
340202199802200868
360830195004097919
430426198910108160
341282199008269510
130684199302239800
61042619930414256X
610921197707305788
410581195609169741
341422196308311603
820000196101037575
360734196203104768
230904196902132104
522700196307080754
230902195509218107
500232199010284301
500242196010096190
632223198905274163
513431200702043984
540122196904105371
451300200209119721
320503195308215993
410811195411288005
231085195601309880
513327197309197448
210404197811289628
330900195512041825
222404199801043432
522427196306259019
61010319670819656X
433127199306271663
371427195209255952
230405197902129486
430223200506268066
511700199508024530
530823198609216003
230505200301156788
150924197312215049
350628195010160633
411100195409034915
340100195902052202
350505195506035588
220623196508048829
130207199902037095
51081119810429359X
440308198705057759
13030419770522063X
610623196401161103
341621197305266084
652924197009186919
321023195510042220
511302197204284327
441324200304111671
520329197712093325
621023199905045556
150502199607150616
510100199101177400
370784198706115711
210802200710237283
130983200601196607
340703195701161412
141128200007160788
360322198111068423
610000200311116933
130825196605147732
140521198603267000
420582196903088662
130000197003193145
130125199611103299
340600197008293171
140825198405076643
431321195808193899
321088200101055516
430700199305048988
140106198406151505
330100200807086326
321203195502034293
421003197406104900
32032219740619146X
621124196104149855
511112197705260368
610000198108103619
220800196107272535
530128198505103745
130683198207160765
320831195109203596
450221199108013960
140923199907029481
62050219820304302X
320111200305148141
350622196704197250
441600195710247082
370481198012291926
371324199805119977
51323319501118257X
350628200207072286
371581197401276537
361025195306102177
220881197106199519
350981197004218007
41018119810403064X
530923197305051327
61012619610501934X
230381196403319046
63262219730412657X
610828197706207229
510725196104232053
622925200111063785
500116198707301036
620800196202177071
511824198101185019
32131119561217038X
361124199104221589
361129200008138483
140923197402099135
210381197604137813
210203199805054242
33020319740708724X
522622195211025142
37028419580602375X
140721198105255470
51343319640603071X
41062120031021490X
652800199507142794
152500197007197103
150000198203066974
530628200009062232
37028419590407776X
510525195507048693
230203198804213028
532600200805143602
440113195810256668
420302198411070008
510524199912223178
410103195009171206
652829200011145412
410527198612215425
610525197606269355
45012319821103034X
450300199812264054
420502199509063581
37050319820305142X
513337198403308199
130638195208280130
652223196511087597
51150219620725447X
430922195704253453
511525198901208493
431022198202085811
370104200212103994
510725198904104884
361123195306070972
410402200211128598
53332519570121745X
510108198112182068
430225199406192903
371623197509133708
130626200209192392
610104198705313455
64010020060217603X
130421199202062204
640521195903267162
530625200601075201
411724200310268778
140932197301106531
440704199011230116
410423195102279336
430304197708155547
411025198404094930
510824200906136918
653024196708070795
420203200701306593
620400197309229743
513226196211084035
411500198205311840
44020419880207842X
610200196805161947
231123196002287799
350400197202295884
440704195106222743
652201197009271344
140726198604085252
230128196709264903
61090019890211893X
140400196301259850
610400199910072772
110000195110261673
370285196506030617
532500200701094935
420582198601112590
34012319580315286X
370300199105162294
130621195103251870
140400196601106135
370521196408069440
340711196507115994
231003198209176330
522636196401054721
140925195107038720
371327195509150620
410803197508243080
410223195507235357
513400197507206048
653200196507029665
445122197404302833
331021199405129137
310000195604274703
371326198810293329
620105196911076680
630104197908284892
120111198201150119
210323197206122145
410404199612217003
640323197611148859
330523199012067456
230304196401078194
511025197709013918
431122196407174099
620423197004122608
430602199702128428
411328196404139250
130728196706040102
340826200002022935
420881200308162353
630102199105283382
320405197102163653
21050420011009772X
620623198306132866
511822200710105851
231025200209026912
420503198003028158
532329199904234287
231003197412017672
43090019641007785X
620402198209083051
210111198806146958
522729197911061768
23078119711018077X
321281196212029879
410305198911301025
330500200005147811
350600195404021947
330185196109309822
61063120031221505X
429021199711299985
440900199412066375
621027199103152400
610404196212176998
530000195305038533
320826199301236969
421281196005027081
320585198105265948
37028319850924166X
